     15 -    15 -    15 -     1 
rmse= 172.2079 meV
  0.472484469602570     
 -8.494333496326299E-002
  0.358994962946252     
 -0.710289315538724     
 -5.454947098233915E-002
  0.279852521794291     
  0.453198901574862     
  0.144377812098369     
  0.292970803307575     
  0.389906987562700     
 -0.152393372996232     
 -0.101862826080220     
 -0.257446011646001     
  0.970358254111883     
  3.679639762143534E-002
 -4.546253097500744E-002
 -9.455708140105868E-003
 -0.534219446608547     
  1.210210406264848E-002
  0.267621793517937     
  6.578835388570557E-002
  2.003349882016122E-002
  0.225720802070997     
  1.730166201839358E-002
 -4.845723617953916E-002
 -7.367130741517808E-002
  1.096899199893125E-002
  0.448850427471602     
  4.539610522873720E-002
 -9.580923721870999E-002
  0.518485580760790     
  3.625338736668415E-002
  3.070063875023649E-002
 -1.800019190504368E-002
 -5.719074482370456E-002
  0.183820446136783     
 -0.252649811645274     
  4.677466249206349E-002
  8.659682670417852E-003
 -1.056050859692592E-002
  5.221625691633545E-002
  0.265018284009893     
  1.466383569208274E-002
  3.710766130015977E-002
  5.446206463127108E-002
 -0.254287138217985     
  0.115102104617499     
  0.213652707422020     
 -5.916302003750465E-002
  0.182968338072003     
 -0.299565270870709     
 -3.106698861561153E-002
 -0.262996822421315     
  1.229785238124465E-002
 -4.372491402694121E-002
 -0.198840664775235     
  4.276332617116377E-002
 -0.221763042784388     
  3.635786882538608E-002
 -0.118551273985238     
 -0.349518393952382     
  9.245496934565388E-002
 -0.247204834388136     
 -4.166688046330350E-002
  9.315703615113434E-002
  0.129371913364637     
 -5.226767580703291E-002
 -5.152908075249934E-002
 -3.612810810996001E-002
 -9.482913741616469E-002
  7.327075065007720E-002
  3.726098196639713E-002
  4.000872115004211E-002
 -5.585035542390047E-002
  1.654901962939452E-002
 -8.260470246317804E-003
 -0.200776606070995     
  0.209370867596616     
 -5.260333915450994E-002
  0.186048457785861     
 -0.241108998169560     
 -2.366480272554582E-002
 -0.264673112240061     
  9.841403656957652E-003
 -4.276493305022176E-002
  0.152782650046255     
  4.995241304854010E-002
 -0.222680684663895     
  2.712756202928138E-002
 -0.119999757631424     
  1.052211795381670E-002
 -2.451654496748784E-002
  0.634937941192160     
  8.683132609595617E-002
 -0.150239681574841     
 -3.908744064873114E-002
 -1.458347047203430E-002
 -0.433250020997078     
 -7.853532730631310E-002
 -3.402087782116707E-002
 -0.423029999336186     
  3.539006957253137E-002
 -0.448695369593098     
 -0.132248321390454     
  0.227522758029689     
 -0.226833501406455     
  4.038802458646695E-002
 -0.549936270000380     
  0.213736963454480     
  0.822319445068434     
 -7.791139238970918E-003
  7.206850784902100E-002
  0.148227858303763     
 -0.211492674449861     
 -0.406287510451223     
 -0.331329203673651     
  1.365660263882090E-002
  0.434718387987414     
 -0.203664517708683     
 -0.439350711651351     
 -0.491546528713809     
 -0.515615615568213     
 -0.247104007286275     
  -1.00376897969655     
 -0.795828521556402     
 -0.196197061433643     
  -1.03077579783375     
  0.425295455025481     
   1.60353182922435     
   1.55126724840512     
  0.276762405561493     
  0.755989713279843     
   1.25561638041920     
   1.62560291965758     
  0.137695512962439     
 -7.639410620290576E-002
 -8.412018552432168E-002
  0.594831002333193     
  8.883126024645353E-002
 -1.397004564695170E-002
 -0.277928806410787     
  3.481267913129876E-003
  0.174449042534074     
 -3.429807876771535E-002
 -2.755258675818283E-002
 -0.242472539634868     
  4.796060859079097E-002
 -6.219856217126076E-003
 -3.654335120190283E-002
 -3.523197334157126E-003
   1.01740302757238     
 -0.399572174602155     
 -0.846583862777345     
  7.982475979275147E-002
  0.545864554690996     
 -0.191020461953075     
 -0.186607178145658     
   1.35048057523563     
  1.300973951566905E-002
 -0.230791533110735     
  5.802487103757696E-002
  0.295594502189877     
  0.627473586920231     
 -6.782232020904802E-002
 -0.390207434996943     
  0.310698425040279     
 -0.115824126217042     
   1.73591981867796     
  -2.88377675567717     
   1.72043543440070     
  0.127290275392144     
 -0.942214828994432     
 -4.351760818677711E-002
  0.790839268052263     
  0.208023650771555     
  4.581074565924739E-002
 -7.990894694671831E-002
  -1.13117422063979     
  0.695201982914046     
  -1.59924687754248     
  0.297770368621084     
   2.14365675137319     
 -5.743481269878431E-002
  2.653418795985085E-003
 -0.186494384135999     
  6.050253855772508E-002
  -1.53973791914215     
  8.185743933088718E-002
  4.673346958779431E-002
 -7.659388811212991E-003
 -0.281529206062660     
  -2.35581418268712     
  6.585977071589490E-002
  3.565288569742888E-002
  0.159943312873983     
  0.231681378183437     
 -0.110473558201358     
 -0.356197385278799     
  4.969657196742819E-002
 -0.105074765009597     
 -2.502590462534367E-002
  2.190700132704687E-002
  0.143391834060967     
  0.130312830532359     
  9.567048551096409E-002
  0.223013634039138     
  0.315173640211884     
  0.245542838382958     
  5.160081569179772E-002
  6.864159262967962E-002
 -0.707357532275707     
 -1.038395581007419E-002
 -0.329973833321994     
 -1.527779425298020E-002
 -0.285215267344267     
  5.808428232946499E-002
 -0.266050716062226     
  0.237136049474043     
  7.651222495439078E-002
  8.479120782491441E-002
  4.913573031574209E-002
  0.370316645820658     
  0.287591852050831     
  0.105233730571820     
  0.189136254420864     
 
   1.06456106608335     
  0.184025691288958     
 -0.153515146324985     
  0.863517319202620     
 -0.325319003367381     
  0.856144695084038     
  0.258182156027103     
 -0.752811763993399     
 -0.893219615413342     
  3.790370835793536E-002
 -0.862553628465047     
   3.54227757290568     
  -1.48301623150021     
  0.658910902227087     
  0.282539803483861     
 
 -2.596578437490827E-002
  -2.03800127197707     
   2.07514070620311     
  -1.02355763655366     
  1.197031146997991E-002
   1.16187640122772     
  0.416170482645156     
  4.170114226668388E-002
 -0.397511362956203     
  0.525408436872055     
  0.125438035783582     
 -0.138890946891352     
  -3.46011566010505     
  0.557184130505031     
   1.01628400438087     
  0.262149363486836     
 -0.731632161148942     
  0.481692409313854     
 -0.570408024066204     
   1.80277596951122     
   1.40861987024937     
  0.166792070486543     
 -0.316866921676134     
 -0.208153823062612     
   1.42893415089465     
 -0.282087484930265     
 -0.133285643845306     
  0.562275918033519     
 -0.966667960991621     
 -0.890133110858416     
  -1.60828674625961     
   1.26121449043218     
   1.13382848061139     
 -0.145261257506004     
  0.294068987484276     
  0.219656315992381     
  0.110237653231180     
  1.374212266712481E-002
  0.559233402166813     
  -1.42537218595432     
   1.03808845197556     
  0.300748793869944     
 -0.263412389178455     
  0.962779080286220     
  0.113003907164580     
 -2.115645134498034E-002
  -1.88356594079016     
   1.87536554520048     
 -2.950117430375755E-002
  1.931261496205803E-002
  0.133107965711446     
  0.392804934570052     
  3.000791012092942E-002
 -0.359950774303908     
  0.468770321168628     
  0.117736900128298     
 -8.342444169134366E-002
  -3.25683602092762     
  0.542401508523835     
  0.965207719235448     
   1.52557385918455     
  -1.04258778255430     
 -0.904756527826443     
 -5.919608933009519E-002
 -0.164824279445013     
  3.811671121234212E-002
 -0.184366778581796     
 -0.191616834568987     
 -0.558892505624102     
   1.64022475802694     
  -1.12129219483169     
  0.399178692145717     
  0.322557269593755     
 -0.893596028646715     
 -0.393188517937477     
 -0.137314903340015     
 -0.223647684149769     
 -0.259371959714887     
   1.43362895963707     
 -0.348933492589981     
  -2.07310563185718     
  0.740468940805797     
  0.636372172729962     
  0.370476605602351     
 -8.525346421942878E-002
  0.299065351798684     
  0.476942096799059     
  0.163809148942690     
  0.601563960590816     
  0.746927480010866     
 -0.273323956520846     
 -0.391716211615335     
 -0.730181888739154     
  0.949856168608579     
 -0.535612310398301     
  -1.02981210685135     
  0.347402170877143     
  0.755557684215980     
  0.196369836105577     
  -1.21680127798666     
  0.483493310991188     
 -0.320019369024693     
 -0.368548429145687     
 -0.302722972460236     
   1.60297279656856     
 -0.244952994936398     
  0.766374220877620     
 -0.514293513980820     
  0.655676522400339     
  -1.66579175012737     
  -1.31483176969819     
 -0.189401381368016     
  0.284357191078266     
  0.197085019790167     
  -1.39189686631338     
  0.290102163950619     
  7.362235483078616E-003
 -0.507305524349267     
  0.734239290148529     
  0.969865353256915     
 -0.110742345681749     
   1.86750591262906     
  0.593105220565261     
  0.480438745314080     
   1.24798941953754     
  0.499865973341275     
 -0.536996482356578     
 -0.557713856529721     
  6.770886437453512E-003
   2.13605362373416     
  1.231894447550736E-002
  0.295028988253837     
  0.566183061325833     
  0.643641157184523     
  -1.05126036754963     
  0.103270747789995     
  0.370776394169838     
  0.798000777977880     
 -0.728533734133353     
  8.109848139393531E-002
  0.683879582376149     
 -0.216244292635874     
 -0.648770506649217     
 -0.185217380523421     
  0.799209508016510     
 -0.369083426705390     
 -6.518925878061398E-002
  0.300894313730153     
  0.251401211420791     
  -1.56082862259534     
 -5.501910609567345E-003
 -6.203983946108375E-002
 -6.377879231885539E-003
  3.066663836081636E-002
 -2.927085163839073E-002
 -3.481406734679458E-002
  2.189051847532696E-002
  2.347071197370941E-002
 -2.157661047384231E-002
  6.714138886564905E-003
  8.488095586627671E-003
 -5.789416577482192E-002
  7.086186524623803E-002
  0.215010838111288     
 -0.174948559638430     
  3.832130822832866E-002
  0.393793426712730     
  4.582844548667939E-002
 -0.189792026997838     
  0.147919978050862     
  0.209038651797015     
 -0.122764511591167     
 -0.156874046017107     
  0.122554061721738     
  2.427443255375003E-002
 -6.062016830034375E-002
  9.098119112203117E-002
 -0.381099413550875     
  -1.08566728895968     
  0.885802468843788     
 -0.277875128609781     
 -0.278161264139038     
 -0.584806410933500     
  0.910299363945184     
 -0.577847636573702     
 -0.965913327465412     
  0.286902979373978     
  0.659325724337643     
  0.176214556131423     
  -1.14793213242676     
  0.434894071029882     
 -0.290510449304322     
 -0.338995862496058     
 -0.274501726240464     
   1.38476796118619     
  -1.62263140676948     
  0.887539380431458     
  0.435192973303519     
  0.681582054488196     
 -0.162754792610856     
 -0.495182649045020     
  0.336222128086773     
  0.599209766875656     
  0.659428592857496     
  -2.25063639564678     
   1.40392238087005     
 -0.583758989872814     
 -0.489487217758587     
  0.519870901385567     
   1.45743977436972     
 -8.108224577175900E-002
  0.175367274202583     
 -0.293147869751707     
  0.888270461278838     
  0.100328679380905     
 -0.647828799573655     
  2.170811070732031E-003
  0.236561328577524     
  0.159225131267297     
  2.630595448855604E-002
  0.150143434320081     
 -0.153339400922927     
 -0.118242699673597     
  0.343855078469616     
  0.508410256407999     
 
  -1.11087004852000     
  0.966186170279528     
   1.84638777640637     
  0.150876113104580     
  -2.27969296687331     
   2.70352472534501     
  0.606364001781192     
 -0.953120611076570     
   1.52623713493036     
  -1.17186030589520     
  0.438767544289663     
 -0.141532194236946     
  0.880405142103746     
   2.04623228144003     
  0.974276377368526     
 
  -30.7886809768735     
   12.1708919223616     
   13.3593976624777     
   274.003069336365     
   173.300622574894     
  -90.7395156010569     
   86.5453035534013     
   13.8870750726780     
  -44.6224050859468     
   42.7578308001705     
  -94.8360054364458     
  -13.9690405866829     
  -122.664925601230     
   80.7432084454030     
   90.6986006774500     
 
  -4.31096965516717     
 
  0.000000000000000E+000
 
  tansig  tansig 
