     15 -    15 -    15 -     1 
rmse= 100.5391meV
 -0.430351055119502     
  0.696437654870341     
 -0.450084023056438     
   1.69023656494093     
  -1.19917434765406     
  2.797967481807497E-002
  0.109210285935748     
 -0.418745713763084     
  0.602924636768572     
 -0.422727193713013     
  4.221182984410734E-002
 -0.283138614393891     
  7.387554139432104E-002
 -0.172634758576931     
  0.276216378943662     
  0.512254237638206     
  0.532048607523927     
  0.385327461385455     
  0.381159838034793     
 -0.806066383202227     
  0.366113851232658     
  0.176907038660575     
 -9.292839670288282E-002
 -0.856649351499065     
   1.53455521911925     
  -1.56904037999177     
  7.102577086555359E-002
   1.19871194618673     
   1.33514213646125     
  -2.51836951124365     
  -1.39558795008452     
  0.295567914272123     
   1.55717891023866     
 -0.682588794881819     
 -0.642118844208679     
  0.492373083099855     
 -0.925375598838482     
  0.869372074890681     
 -0.566848105109432     
  0.255096799627357     
  0.483624137258658     
 -0.714016948584534     
  1.689631578152524E-002
 -1.434628958034407E-002
  0.256511060196687     
  -1.05724958390216     
  0.778470577503880     
   1.35297333024415     
 -0.426848562161601     
 -0.771032853285864     
  0.469444041325967     
  -1.49088325909976     
   2.09690053298230     
  -1.83507461601394     
   1.06396502455590     
 -5.330979044069795E-002
 -0.763317084484472     
  0.847827777549752     
 -0.882733850715323     
  0.451433839339906     
  0.815831221910174     
 -0.855709133557530     
  -1.39346250776989     
 -0.412730052257724     
   1.31159953506151     
  0.503340458008465     
 -0.286911890505722     
 -0.286765379897416     
  0.491975403158676     
 -0.325175006644642     
  0.491037545199397     
  0.872599435951973     
 -1.204109344698389E-002
 -0.466597909618073     
 -0.192099355414706     
  0.520435456863037     
 -0.104417551457094     
 -0.970115815240613     
 -0.715865961424965     
  0.819963610530212     
 -0.415661155639165     
  0.372576506267873     
  7.162040812698504E-002
 -0.468014867622368     
  0.525674133756340     
   1.30034183957036     
 -0.789364970392857     
  4.221871863907694E-002
   1.18807330226853     
 -0.684587484357304     
  0.894870494422325     
  8.948996701278385E-002
  -1.31425550014382     
 -0.411766960083254     
  0.924601538955350     
 -9.200473881770972E-002
  0.713114084113833     
  -1.35696856563192     
   1.64165201841379     
 -0.999325354111538     
  0.208389927065837     
  0.132985369815539     
  1.990248931241809E-002
  0.612477432249281     
 -0.420762229109429     
 -0.495387743952915     
 -1.190421569732710E-002
  0.779132840968680     
   1.16552699884717     
 -0.958582000853113     
 -0.709332783192606     
   1.05474550410512     
 -0.883712874705789     
  0.120153563585538     
  8.010204818321978E-002
 -0.843383512129003     
  0.326653336953378     
 -7.494442463855509E-002
 -0.854389083857720     
  0.497605815407314     
 -8.151655645054566E-002
 -0.115185433243241     
  0.633009863950612     
 -5.235352401695741E-002
 -0.386209881863035     
 -0.391059464399851     
 -0.168315545154777     
   1.00819115977632     
  -1.13585013278355     
  0.635437028509273     
  0.170193588543921     
  -1.13249280634543     
   1.03215964838612     
 -5.864161555582451E-002
 -0.122909161935626     
 -0.286146995508913     
   1.33745848113426     
 -0.481517952051715     
  0.460103667141928     
 -0.305133387577064     
 -0.237815350310447     
  0.347057138050245     
 -0.323749842086855     
  0.205587890746660     
 -8.790712434722098E-002
 -0.420489790667954     
  0.780654415826209     
 -0.879937485236817     
  0.480968549736677     
 -2.369415652349582E-002
 -9.550180780720594E-002
 -2.061283467461688E-002
  0.126525475048247     
   1.17297579167179     
  -1.08891024550619     
 -0.756830366642425     
  0.654175176808775     
  9.553751488757702E-003
 -0.434280221693431     
  0.329913092916370     
  3.202180119612610E-002
  6.652016283105427E-002
 -0.702578288456305     
  0.894773246322747     
 -0.191889233350235     
 -0.161785168067961     
  0.244128746474778     
  0.245051959551307     
 -0.296398348373385     
 -1.114043973166091E-002
 -0.147167230066823     
  0.217704173123849     
 -0.213118552816638     
  0.141701423433663     
 -6.188702903024044E-002
 -0.265370046733531     
  0.547140115565016     
 -0.676173819323346     
  0.427728758711024     
 -6.096049213259755E-002
 -0.111584039504285     
  0.772753963543684     
 -0.559158271477694     
  0.153344536941725     
  0.145878827001521     
 -0.127492324793770     
  0.114457601392350     
  5.251694261472434E-002
 -0.173824576896853     
  0.131957710331853     
  0.457615978203423     
 -0.799401576744276     
  0.752811162087134     
 -0.245172266129732     
 -5.897375647276063E-002
 -0.366941310743655     
 -0.881058624152937     
   1.45775417877932     
 -0.653075072599933     
 -0.406005470739744     
  0.551949035601836     
 -0.623395646549041     
  0.171845656309403     
  0.367791787701137     
 -0.403999303833400     
  6.113542806681536E-002
 -0.738660485466234     
  0.904878305101780     
 -0.898933934826348     
  0.462062549798368     
  0.707034362528177     
 -0.219969494339240     
 -0.744435879584729     
  -1.83708286446503     
   1.90980042533051     
   1.29257414011252     
  -1.54188525746937     
   1.04149209715622     
 -4.979402629666122E-002
 -0.417973239680508     
  0.897278889330411     
  -1.32555569541366     
   1.30510822240313     
 -7.201394249390534E-002
 -0.376597419711071     
 
  0.874082671512994     
  0.928843482188193     
  0.506935086456306     
   1.24121868336746     
 -0.606030997213959     
  -1.22197714110661     
 -0.550115119180160     
  0.903232587096939     
  0.687281146761985     
  0.313776165686135     
 -0.159840896037430     
  0.424158934949135     
 -0.974526182912166     
  0.915208269158219     
 -9.740293156717554E-002
 
  4.853516913975687E-002
  0.874314490145531     
  0.621907454065901     
  0.207659327842079     
  5.144202761817342E-002
 -8.304080568173508E-003
  0.461507539988833     
  0.576441447699266     
 -0.479125705498137     
  0.225964958782208     
 -0.294708688004726     
 -0.242973738738817     
  4.759128899106387E-002
 -0.302211101817835     
 -0.476368469156820     
  0.802050425553350     
 -0.788041682524972     
  3.886401406984573E-002
  3.928071135953318E-002
 -3.385326078706975E-002
  0.454748764603330     
  0.616976353973235     
  0.494505745858483     
 -0.165314942786550     
 -4.022767657205934E-003
  4.773503605942431E-002
 -0.450901233657231     
  0.450809414937654     
 -0.133591122975522     
 -0.174540187027007     
  0.869377463078286     
  0.394199835370454     
 -7.299214965570357E-002
  4.326164681315554E-002
 -5.720346809556540E-002
 -1.800888392249990E-002
 -0.333065166243796     
  1.216834804989195E-002
  0.473824076985462     
 -0.330924906682534     
 -3.055882368555212E-002
  0.513584934266152     
  0.955292823069998     
 -0.419332651279257     
  0.427732611336437     
  0.370832875240602     
  7.105962112467014E-003
  0.268903824935953     
  0.287816074307587     
 -6.301788182332380E-002
  5.695696342734273E-002
  0.539983868972203     
  1.348522664409214E-002
 -2.458821184825108E-002
 -0.292894809964639     
 -0.205267300449464     
 -0.972565632236224     
 -0.331399118750257     
 -0.154607009647572     
  5.528771122066388E-002
  0.264915817643654     
   1.70669405737766     
  -1.78117887843919     
  0.925245657198936     
  0.195620967514941     
 -0.965970436667834     
  0.406863621827460     
 -0.247860908986441     
  -1.43499904839865     
 -0.891938238914427     
  0.344704142673509     
 -0.883566152208617     
 -0.669374627313681     
 -0.440675460869056     
 -0.385541661934135     
  0.747941581764362     
 -0.510480692169053     
 -0.793838466655510     
 -0.485676720061062     
 -0.133979597732076     
 -5.133675594545023E-002
 -0.354595324579252     
 -0.527033565357730     
  0.344323609364605     
 -0.232738999129178     
  5.913845474203443E-002
  0.285767508570919     
 -2.287157138333732E-003
 -6.123855676828033E-002
  0.365508158894485     
 -0.631558533386788     
 -0.508763616358271     
  0.291885722724357     
  0.373448297591201     
  0.107993681818513     
  0.209834486502999     
 -0.883027016025178     
  0.440800876575793     
 -0.676025611689172     
 -0.230987968261116     
  0.357698142818999     
  0.144084912705597     
 -0.434213244161647     
 -0.305633459442319     
 -0.165733394911755     
 -0.926902748378931     
  0.487106768576191     
  0.495282418602766     
  0.565558933505818     
  8.953434454351861E-002
  0.135232673577563     
  0.774746160459407     
  0.156661756313969     
 -4.540675138784241E-002
 -0.114477624093462     
 -0.241995624025357     
   1.03741202364426     
  0.895844625019591     
  0.534710645050432     
 -7.707919201155966E-002
  7.940038924907968E-002
  0.519316486369268     
 -0.447755132341138     
 -0.507153165878830     
  0.159517436906751     
  0.156741650136963     
 -1.247750971712858E-002
   1.03635031535790     
  0.249741426080634     
 -0.241744828448897     
  0.375054747046752     
  0.942192273964357     
 -0.440966513356560     
 -4.684731691436444E-002
 -0.505016259151212     
 -0.440979897014130     
  0.678992695635446     
   1.20397427524121     
  0.644102699457236     
  0.244343563852533     
 -3.974421842122191E-003
   1.75087487714879     
   1.50911339245631     
 -0.108711867699281     
   1.05487770158316     
 -0.101532047777292     
  -1.65372291673362     
 -0.628183993569634     
 -0.575524984962775     
 -0.679237300712135     
 -0.414982084630617     
  1.943059819518635E-002
  0.132469431716821     
 -0.499651361329081     
  6.673114647852077E-002
 -0.802139863634374     
  0.606021510484922     
 -0.221903833748992     
  0.791506779783710     
 -0.270007805560775     
 -0.485023917766480     
  0.882600154394619     
  0.296006341900696     
 -0.165869264475195     
 -0.121421553348754     
  0.944814937968383     
   1.74409671692381     
  -1.27557709635995     
 -0.695993448666638     
 -0.192785088066078     
  9.888173956833925E-003
   1.82739125198106     
   1.49043083403796     
  4.156645793031082E-002
 -0.584547427451991     
  8.481622375257487E-002
 -0.207155224562313     
  -1.13144498034595     
 -0.565019601580309     
 -0.400246534666742     
   1.05308336468957     
 -0.922772978413926     
 -0.485638764421016     
 -0.391446167620342     
 -4.560020459965902E-002
  3.716141525813056E-003
   1.12294352747890     
  0.393919456705381     
  0.519113544726958     
 -0.448285835251578     
  0.159972335423882     
  0.131344107321417     
  0.713695872800495     
 -0.265851389259492     
  0.126870443128191     
 -9.039495298864064E-003
  0.185731029564626     
  0.336084299471026     
  6.692757717689456E-002
  7.144332119191897E-002
  0.191100229396851     
  0.525034845188959     
  0.867801594765162     
 -2.063619057933963E-002
  0.257619631818672     
  0.153397991636417     
  0.297120058896132     
  0.270795333908751     
 -0.118708695959709     
 -0.184713892126123     
 -0.490921944102644     
  1.667587869783998E-005
 -0.418647224756416     
  0.327268232820804     
 -7.431245458885254E-003
 -9.722562077887689E-002
  -3.26009140580806     
  -2.20227023733111     
  0.273486652735360     
 -7.406945889741906E-002
 -0.355798340210519     
  0.615170434840085     
   1.24241749304774     
  0.451777652605384     
  0.581052535736392     
 
   1.88576526452744     
 -0.229783665820701     
  0.617227338139903     
  0.454661675578865     
  0.471689397425503     
 -0.482388155824423     
   1.66236114245076     
   1.96022856626614     
  0.942441210119282     
  9.549488485246735E-003
  -1.55628157966651     
 -4.670817512757864E-002
  -2.19021835641865     
  0.860992245717222     
  0.938291763599252     
 
   13.3757385248658     
  -17.1098993956183     
  -23.5475629487286     
   20.8332713907240     
  -4.97859573995757     
   53.0371023286396     
  -3.92782303583516     
  -27.2844661214354     
  -7.46068018682347     
   28.5006453373812     
  -3.65553903275720     
   3.08893006180181     
   18.1106229422583     
   46.0125698139137     
   18.3034436717856     
 
  -4.06355780406076     
 
  tansig  tansig 
