     16 -    16 -    16 -     1 
rmse= 149.7878 meV
 -0.156201530963665     
  0.195360553825840     
  9.025284455792043E-002
  3.244415224006243E-002
 -0.815708370044691     
 -0.125333501238986     
 -0.255406516003478     
  0.254152750053127     
  7.260493145417278E-002
 -0.101044306480393     
  0.562061876051080     
 -0.779761857366753     
  0.478216635483150     
  0.504209169372058     
 -0.134939202473362     
  0.294318641767482     
  0.588075309839928     
 -0.482573059410659     
 -5.026296905304010E-002
  0.426905734847625     
 -0.563031118609960     
  0.412797821361765     
 -0.373225574173325     
  0.753330360299901     
  0.416148827468226     
 -2.978858127409882E-002
 -0.108089999668650     
  0.215693594007547     
  6.040795209570163E-002
 -8.530762396900628E-002
  1.584438053572603E-003
  0.329648358624880     
 -0.458047185580215     
 -0.320293116088245     
 -0.675310995986238     
  6.795907350198975E-002
 -1.201783558832752E-002
 -0.145487641207756     
 -3.584949786013227E-002
  5.371128637536975E-002
 -0.391052333636001     
 -0.166829172623155     
 -0.306652112137635     
 -0.301729379991446     
 -1.650878699389791E-002
  0.418608848528243     
 -0.501309100518367     
  0.105584717077964     
  2.369602401238311E-002
  0.292003028051267     
  3.267212222303331E-002
  0.221970177339365     
  3.041346717945398E-002
 -0.352750047196548     
  7.459703774257269E-002
 -8.989135453423104E-002
  0.428392832367791     
  4.499773776774274E-004
 -0.175904114692987     
  0.187440584395678     
 -0.168570167289937     
 -9.715277102906388E-002
 -5.414768954607688E-002
 -0.172352041053452     
  0.916913831833413     
 -5.223631369528579E-002
  0.335743406782225     
 -0.286518866749826     
 -0.377002093941978     
 -0.789382964764855     
  0.108844223469773     
   1.08879254800844     
  6.706142138992494E-002
 -0.212967398300915     
  0.348420309860293     
 -0.345445803535344     
  0.331077826717322     
  0.535992894890913     
 -0.417932298774189     
  0.584963283122225     
 -9.038409264597125E-002
  3.152489607110087E-002
  1.884127837106048E-002
 -0.533703504370760     
  0.510415949732742     
  0.757073550991397     
 -0.272802494326569     
  0.118880760200895     
  0.340586592512579     
  4.369685969192460E-002
  1.048402801052862E-003
 -9.208441052548415E-003
 -1.425142091674312E-002
 -0.278369810839666     
  0.239638308382655     
  0.127877983694971     
  0.209995138076845     
 -2.781281472576706E-002
  6.881038327697961E-002
 -0.953058895142078     
  0.122656627034629     
 -0.100956498967929     
  4.798592039731391E-002
  0.414956058283431     
  8.317874966639792E-002
 -2.363722760399756E-002
 -0.139860345679038     
 -0.640550699563036     
  0.491340648748753     
  0.508410343213910     
 -0.558717227063585     
  0.812756145023226     
   1.52521240017023     
 -0.154006768841996     
  0.334451498414195     
 -0.119939047340880     
 -0.402642996772558     
 -0.242927504897510     
 -0.357371276853209     
  0.884954309246411     
  0.456272024050495     
 -0.196706098138067     
  0.279169224607038     
 -0.280886309652615     
  0.307941510238626     
  0.890579014927520     
 -0.612742149417210     
  0.423303685525044     
 -0.129401089026825     
 -0.146346303212710     
 -1.130098374101502E-002
 -0.373361376703172     
  0.180606991847647     
 -0.254318702079278     
  0.544420899284600     
 -0.159781383244285     
 -0.297632100942639     
 -1.394982766789341E-002
  0.245913780034904     
 -6.802033398968942E-002
  0.430964823115158     
  0.131592436813850     
  0.431795737053980     
 -9.313164720594663E-003
 -8.973924751816610E-003
  0.103895803489126     
  2.137895422055802E-002
  6.470995106692115E-002
 -3.307708675015007E-002
 -3.341453189378138E-002
  7.627004249654064E-002
 -7.391566996647043E-002
 -3.945822256719583E-002
 -2.726747238075514E-003
  5.899676932637741E-002
 -4.976002195050534E-002
  4.021316658901906E-002
  3.254307818805692E-002
  1.738458694434100E-002
  7.251911526538444E-003
 -0.161854990664677     
 -0.317047272732422     
   2.40148761026939     
 -0.747323525978088     
  0.146799645691518     
  -1.85967151631406     
   1.62385029670002     
 -0.883734324178632     
  0.219041443396572     
   3.02152986845537     
   1.11611839797223     
 -0.789753622049861     
  0.199935343615851     
  5.956561877952079E-002
 -7.362473801816510E-002
  0.818583590997910     
 -6.803673842770827E-002
 -0.369064576547245     
 -0.281851320786151     
   1.79600223910809     
  -2.15933534808406     
   2.10934007007163     
 -0.908139118901822     
  0.760934608926538     
  0.149297202143649     
  0.394191312471731     
 -0.377748943020509     
  0.654339858544102     
 -0.959761204641698     
 -0.220703539923162     
  -1.01149931730695     
   1.14324305261346     
  0.814182700362249     
 -6.894923919266606E-002
 -0.692633945919771     
 -0.702565504681648     
 -0.293507852215563     
  0.862293109913680     
 -0.735308206647113     
  0.442284585280182     
  0.370574686678929     
  8.668459742445898E-002
 -0.873964937125456     
  0.600600471610719     
 -0.175144874772037     
  -1.15978549260406     
  0.483428078515357     
 -0.486952636355134     
 -0.388174807617412     
 -4.314145611634557E-002
  0.665918131654027     
 -0.575377960220249     
  0.170010850333672     
  2.885904453287174E-002
  0.221263967981221     
 -0.173836453130392     
 -0.124337683862211     
 -2.943656578040738E-002
 -0.219739229472594     
  0.307279854109016     
 -0.302265899039309     
 -0.137593455260277     
 -0.120255731637643     
 -8.099610341162027E-002
  0.216809670232592     
 -0.175297382049985     
  1.967024195116008E-002
  0.482259017855086     
 -0.530150441729128     
 -6.005828209806488E-003
 -0.401913975398855     
  0.237695546261195     
 -0.173984945469418     
 -1.254653076356066E-002
 -0.203829990855859     
 -5.725848278456912E-002
 -0.331852963738410     
  8.454321641760877E-002
 -0.538452840172951     
  2.673381039309127E-002
  6.744413136720860E-002
 -8.877495003807045E-002
  0.210777557466961     
  0.334834931944092     
 -0.987176621845458     
   1.14223439189961     
  0.877942471663118     
  0.664687942666354     
  0.274311315776900     
 -0.195305511313397     
  0.810746485808871     
  -1.22297342760024     
   1.17691403232150     
  6.531228600493118E-002
  0.328882134204516     
  0.899334775448984     
 
   2.29972472125883     
  -2.07125278035861     
 -0.360030507957108     
  0.577431767615498     
 -0.613934337627745     
  -1.85491344205967     
 -0.938213162722854     
  0.328816431328290     
 -0.597939096082492     
 -0.304232079444001     
   2.45136810477075     
  -1.56751027774558     
 -0.746843926150648     
  0.720412391711717     
   1.33554734457363     
  -6.66438246416345     
 
 -4.960108975152731E-002
 -0.298574927036874     
 -0.189092878789627     
  0.266583374818826     
 -0.773645866879882     
   1.13291127165134     
  0.351931464048986     
   1.74350424392303     
  0.332719882692748     
  7.310097630903731E-002
 -0.272813406194424     
 -0.140317179856683     
 -0.392154915913415     
 -0.326218608375660     
  0.279339539209075     
 -0.181528827412464     
  0.408311946886357     
  0.314167232143290     
 -0.347314390673820     
  0.479544702336043     
  0.852261846163492     
 -0.456967928820742     
  0.305473510439133     
 -0.525179965047619     
 -0.531018097908125     
  7.517411768107883E-002
  2.875013756482518E-002
  0.145217275012686     
 -0.531720618799887     
  0.806344705617407     
 -0.794227066571236     
 -0.669359504423720     
 -0.151305069070187     
 -0.113906329490432     
  0.909732061561349     
  0.107408280819033     
  3.363813954873141E-002
  0.461104414047971     
  5.351075772328290E-002
  0.420711933448853     
  0.459364704671214     
 -0.130012980505378     
  0.563635892747376     
 -0.145168856525792     
 -0.285651347958107     
 -0.579877699938279     
  0.574839526421736     
  6.269775023491216E-002
 -0.384138483001911     
 -0.360583711461184     
  0.738035844637290     
   1.38077637641878     
  5.392576328046705E-002
   1.12055957985606     
  4.866698022612949E-002
  0.374755028192107     
   1.58497734746708     
 -0.775155665884067     
  0.852502500498738     
 -3.321594514220261E-002
 -8.129462342345506E-002
  -1.09174238797998     
   1.19390517091996     
  0.236990254193085     
 -0.234601608594207     
 -0.485069197615099     
  0.207580539343833     
  0.116091120700682     
 -0.747291125715131     
  0.231335866330220     
 -0.187101495570938     
  0.365225910817326     
  7.581868079683187E-003
  -1.86233354859126     
 -0.133434114358871     
 -4.293457088599732E-002
  0.335041177843015     
 -0.448520870031540     
 -7.156806797338823E-002
  0.620126168891097     
  0.775254457945735     
  0.196025891689744     
   1.91057580383581     
 -7.575226126365261E-003
 -0.494013987659041     
  0.156675031712608     
 -0.183130616869132     
  0.750764573820274     
 -0.442209575947121     
  0.903824420696360     
  0.500725564640572     
  7.806679266563668E-002
  0.558821907026238     
 -0.699100025256283     
 -0.743114250921253     
  0.119594297577553     
  0.192292344600547     
  6.059824148052923E-002
  0.155289847177529     
   1.51163483756690     
 -0.388593924159062     
  0.597252710758227     
  5.268428011257820E-002
  0.205962951094977     
 -0.772447855037514     
  -1.18192638328993     
 -0.187841960296789     
 -5.262168067708729E-003
  -1.06465649242696     
 -0.924437678973210     
 -0.785673839906060     
  0.281036880852216     
  0.519137010471762     
   1.00249954649457     
   1.82021556469898     
   1.27791730462357     
   1.55149657457453     
   2.01284473715705     
 -0.352485504313120     
  -1.81737816513096     
  0.125047032619786     
  0.504303614033813     
  0.666333592875641     
 -0.253817154402246     
 -0.390850952322935     
   1.27497729487074     
  0.944898652380846     
 -0.189636058430690     
  0.230293565507707     
  0.667750772762257     
 -0.460317508827174     
   1.20589531999309     
 -0.261537706804775     
  0.547270523973423     
   1.07497996716367     
  0.188428003164822     
 -0.766007696874292     
   1.19736660194567     
 -0.349048789047188     
 -0.140343656064600     
  -1.52159486362249     
  0.268276823434352     
 -0.703110077185765     
 -0.277054198036320     
  0.677921925582422     
 -1.844343040535749E-002
  -2.01629981303921     
 -0.755200592856667     
  0.820228265941337     
  0.255055409926664     
 -0.877715970945959     
 -0.439503131031531     
 -0.732945117304699     
   1.28506014823222     
  0.121393327044589     
 -0.557539702877932     
 -0.908633796624637     
  0.744398399167713     
   1.21798389405101     
  0.106570114179971     
  0.601429513903424     
  0.538730586940030     
 -0.813298494938191     
  -1.24438634190293     
  0.320179941850017     
  -1.43098914457975     
 -0.470909633827718     
  -1.15842494959856     
  -1.05197166905927     
  0.503480612808211     
 -0.209771850062691     
  0.160484498020165     
  0.813507544147865     
  0.433731309753405     
  -1.30130185724365     
  0.192847800598350     
 -0.288876949365014     
 -0.615385153324879     
  0.308663108682830     
 -0.475300266234795     
   1.03556138306312     
 -0.331747798095572     
 -0.941313340940964     
  -1.44104006040880     
   1.22598001643467     
 -0.933143877847703     
  1.147047445929734E-002
  0.214349765592232     
   1.09628514796090     
 -0.217903980769657     
  0.813574287668602     
  7.628251618102776E-002
  7.128228631430733E-002
 -0.707114685912507     
  3.812592275336012E-002
  0.137049892134707     
  0.205265048242769     
 -0.281773401786275     
  0.377805781247362     
  0.159853316485711     
  0.648259562995534     
 -0.780294307830356     
  0.431975769531105     
  0.114167724142811     
  0.267859038177116     
 -0.352084480773944     
  6.886067594342477E-002
 -2.445310998070320E-002
 -0.294998718773427     
 -0.556495789678946     
  0.132194613605244     
   1.37100291745779     
  0.150756632655838     
  0.184591229494571     
 -9.777359207395626E-002
 -0.301022672517155     
  0.897699153313822     
  -2.72087967610841     
  0.719313535286732     
  0.210136486712338     
  0.429920652827156     
 -0.639678730705791     
  0.342549666215575     
  0.394685141389311     
 -0.113760130337660     
  0.877475445899730     
   2.65048107114274     
   1.04134899529355     
 -0.440136040633657     
  8.532460869594465E-002
  0.777792966833645     
 -0.462262132203197     
  0.799374785830331     
   1.96271156193797     
 -0.423509524970708     
  0.642259911845893     
   1.06437737221388     
  0.573391755142671     
  -1.10948666781716     
 -4.404526399494971E-002
  -1.15316647541536     
 -0.615575555550979     
  0.101308172740513     
   2.97937698134514     
 -0.215262499758303     
  0.915024779556815     
  0.991160446309629     
  0.699641934630633     
   1.94183104124656     
  -1.47869199196420     
  0.223494381544778     
  0.195432573339113     
 -0.917695379962614     
  -1.49481937663115     
 -0.444428828346860     
  3.483423191023616E-002
 
 -0.620247066565598     
  0.136183718627746     
  0.590324132438359     
  0.510583959166119     
 -0.912087599515352     
 -0.154018126195440     
  5.557068691578627E-002
  0.778892937460727     
 -7.162493183510635E-002
 -0.447071766723027     
 -1.091582043012890E-002
  0.344432738241430     
 -0.922627148683370     
 -0.527917562331038     
   1.82948958890426     
 -0.348304105940357     
 
  -3.24221005258337     
  -8.84396748553696     
  -9.19204311379184     
   5.95839841153654     
  -9.52116305285167     
  -9.33496638633319     
   2.53037145993829     
  0.883546644791103     
  -4.40122111370689     
  -10.2161437758147     
  -1.30158840056016     
  -3.55980415152748     
   2.91838412583547     
  -5.31758159911113     
  -3.67795096477149     
  0.495723716904653     
 
  -11.1027266886352     
 
  0.000000000000000E+000
 
  tansig  tansig 
