  Point= 1 -30020.76805166   1
    6.20507903     7.72080130    13.40638707    -2.16681382     1.94829050     0.16195336 
    6.71737548     8.54028513    13.08131351    -1.90760534    -1.77594422     0.80552193 
    5.13313005     7.95771394    13.63440953     3.94763285    -0.05203042    -1.16753345 
    5.65166550     1.80564259     2.34580023    -0.98650198     0.77959491     2.03943616 
    5.36850278     2.06814095     3.38698285     0.56175550    -0.33104669    -4.48189296 
    5.27857970     2.40037957     1.59145812     0.59302013    -0.87106967     2.19428350 
   -0.67860098    10.93772247     0.17576092     0.80578418     2.93734816    -1.03828917 
   -1.05882009    10.28889830     0.81260452    -0.26023898     0.63628154     0.17682206 
   -0.85530383    11.96099244     0.26722497    -0.10401301    -2.88968502     0.88041820 
    4.87616160     3.30782323    12.67538167     0.30845336     2.65652697    -1.73107330 
    5.61462310     3.97397266    12.36337879    -0.81940075    -1.42675736     1.36469604 
    4.11568103     3.82291374    12.33009354     0.25031606    -0.46419751     0.72414647 
    8.94050185     9.17000601     6.47570025     2.65888210    -1.12854008    -1.15638000 
    8.43482011     9.89132746     6.72970531    -1.94483494     2.23878932     0.69188425 
    8.48752616     8.37825107     6.69557338    -0.88592551    -0.85553505     0.56731423 
    8.07434460     2.23016972    12.54949041     2.13025271     2.03057613    -0.58365617 
    8.06513691     2.79208183    13.38903005    -0.27731060    -0.98612660    -0.93501818 
    8.70983351     2.78427117    11.93839657    -1.98202339    -1.58683433     1.23805371 
   -0.69124302     1.50158266     1.08142125     0.58458691    -0.11390713     1.22854576 
    0.35021424     1.67399918     1.15328881    -3.08107290    -0.60624589     0.67928583 
   -1.23054868     1.37320956    14.37419926     2.44167004     0.47154110    -2.04212039 
    9.00744277     7.16717611    12.94991881     1.29503967    -1.25908535     7.44370775 
    8.53049535     7.51177631    12.31871623    -6.67011380     4.13997204    -4.12937395 
    9.53953045     6.99736314    12.27071986     5.75428634    -2.83907025    -3.59049614 
    1.75995873    -2.07698879     6.77188073     4.85456943     2.27825064     1.20788437 
    0.96833079    -2.34621299     6.50004240    -4.83714248    -2.06727608    -2.02644694 
    2.46011838    -2.26628077     6.11771187    -0.62746265    -0.21911365     0.45303531 
    7.62496731     7.64417644     3.80853070     0.10094517     0.24957969     2.28363453 
    7.76340007     7.41763568     2.90607189     0.31003356    -0.23377614    -1.01254213 
    8.47059249     7.60829823     4.30440150    -0.54551640    -0.21777564    -1.22140324 
    1.98764251    14.40049937    13.46740120     0.60513518     1.30196623    -0.89642076 
    2.35467982    14.12680892    12.59071332    -0.17864652     0.62868649     0.96027671 
    2.05589050    15.40371352    13.48862120    -0.10509081    -2.23381681    -0.12809449 
    3.35091942    12.54747954     3.06067101    -3.10100925     1.60211184    -1.40173537 
    2.84262884    13.19328740     2.44007844     1.37773154    -1.43166303     1.40041382 
    4.21969081    12.55229505     2.69464972     1.27244480     0.23887824    -0.21185182 
   -4.18764384     3.79459217     2.40153847     1.91063924    -6.11454952     1.99449325 
    7.87039970     4.54598148     2.18878277    -3.94890298     6.51106527    -2.19773907 
    9.14878600     4.02124936     2.34907055     1.59007907    -0.33265568     0.39101770 
   10.80399939     7.29835914    -2.29416312    -1.76695049     0.96019958    -0.37114255 
   11.14367824     6.62043022    -2.86984971     1.01845567    -0.80723428    -0.13395609 
   11.55738898     7.61909345    10.60942093     0.74432449    -0.39834072     0.74508554 
   12.07032045    11.43811244     9.92143764     0.70903351    -0.28320871     0.83880745 
   12.01999570    11.20500988    10.87729043    -0.55485466    -0.02377243    -0.27702212 
   11.56252200    10.76568696     9.45343332    -0.55928724    -0.32859899    -0.54571181 
    4.75685330     6.98228159    -1.95533095    -0.17137492     1.48667952    -0.63947999 
    5.37855715     6.81987711    -2.68403972    -0.18797551     0.23154237     0.47217102 
    4.59089275     8.01587052    -1.91456314     0.25464580    -1.89265694    -0.22788368 
   11.10531289    -3.09879294     8.26892306    -1.35564575     0.32720597    -1.14437294 
   10.35451627    -3.00471052     7.55400465     1.57719783    -0.65526657     2.31539281 
   10.88819148     8.62119632     8.94722240    -0.28341646     0.56870262    -1.02353617 
   11.14320198     3.15585941     8.43968854    -1.91902619     1.80756880    -3.39541101 
   10.86310849     3.25024346     7.41350810     0.48947661    -0.85867694     3.20496929 
   11.79573040     2.46347866     8.54007346     0.87159931    -0.69348347     0.25332579 
    2.04703207    10.67710270     9.32759498    -2.37841059     0.79497011     4.04711917 
   13.37971653    10.87559707     9.65864824     2.91138514     0.05920225    -0.94700467 
    1.92093972    10.37028575     8.46228441     0.00066489    -0.68959596    -2.32299300 
    7.62713694     0.80331746     9.18630467     0.55654644    -3.08911018    -3.17072732 
    7.54395028    -0.04216219     8.51483171     0.43785191     3.36605928     2.60909523 
    6.76923485     0.86389238     9.57816039    -0.99557284    -0.10293829     0.76373633 
    4.08930155    -3.12194973     5.99737697    -2.31657552    -2.57938355    -3.85974735 
    4.01184059    -3.84094281     6.61910727     0.36437283    -0.06073309     0.75847071 
    3.51032347    -3.62464162     5.19730337     2.45349198     2.41763022     3.01887788 
    4.21163144     9.52317888    -1.91598133    -1.97200637     0.82775170     2.63918230 
    3.20690913     9.82258734    -2.13330912     2.48693177    -0.46039484     0.25706058 
    4.38566195     9.65420315    -0.89629919    -0.37524397     0.12339451    -2.85083563 
    5.65304136     1.14185858    -1.05080306     1.93557896     0.75057228     1.63733083 
    6.56507828     1.43330293    -0.46566642    -3.85040910    -0.08702623    -2.22256051 
    4.88805221     1.79703817    -0.95267244     2.39355954    -1.06444244     0.46775592 
    6.90787928     5.06211447    12.53821894     1.24180238     1.41419494    -6.25606311 
    7.32624678     5.00053411    11.48012911    -1.10682967    -0.43495531     4.64008274 
    6.65170459     6.00346251    12.30982605    -0.22064860    -0.80021002     1.63278511 
   11.13870398     0.50249609     3.92426176    -2.27427571     2.45139396    -2.25569691 
   11.77519832     0.28526303     4.51578133     3.16664955    -1.41683290     2.39625919 
   10.57772322    -0.24199432     3.74183321    -0.24673811    -0.39823685     0.34484220 
    2.94806210    17.54158944    -1.01733260    -3.77589849     1.06019498     0.83231798 
    2.02356835     5.55911241    -0.75248999     2.58836699    -1.81848057    -0.64949187 
    3.36260894    18.28698846    -1.45117853     1.24436834     0.43268348    -0.04372678 
    1.03211252     4.60551391     5.74316024    -1.14559165    -0.99715149    -2.93172258 
    1.24077238     5.38030343     6.20243314     0.28479097     0.91663992     1.30249588 
    1.01055913     3.81153114     6.23365460     0.40361406    -0.46553294     1.27133923 
   -1.71671966     3.98756194     3.02660258     2.51778502     1.11821452    -4.80079220 
   -1.71143847     3.94162406     3.93124161     0.36506086    -0.37768549     3.70338306 
   -0.78157357     4.17322905     2.66461891    -2.26563680    -0.59138491     1.19341419 
    6.95079555     7.24665853     7.98496657     0.18312127     1.33929867     0.85812673 
    7.53521886     6.82294634     8.65024815    -0.44767662    -0.23279295    -0.19546411 
    6.77690792     6.68678904     7.24279553    -0.27590112    -1.08844113    -0.70952717 
    2.63745096    10.01118610     3.70334086    -0.91473216     0.42765645     0.47929606 
    2.60642001    10.85421831     3.16411987     0.88610549    -1.54315126     0.35600748 
    3.03119055     9.23636483     3.27799880    -0.05413512     1.02189066    -1.06911157 
    1.47298063     0.41531415     5.19693294     0.29143316     1.22791327    -0.90921972 
    1.57503246    -0.27021111     5.85539873     0.57847282    -0.81546696    -0.29085466 
    2.14920031     0.41491938     4.45807985    -0.62048981    -0.69889308     1.53001806 
    4.81862416    12.26442265     6.41823161    -0.94706123    -1.70732658     2.35712698 
    4.53959431    12.14588696     7.49706518     0.58082281     1.03360976    -3.13021700 
    4.43856379    11.44070541     6.01526316     0.74145514     1.20369861     0.42456599 
    6.34705727     9.95615167    -3.70222958    -0.98531413    -2.17790042     0.51572244 
    5.56556837     9.90540357    -3.11532973     0.14492494     1.16321914     0.06928047 
    6.31969881     8.97320500    -3.87815984     0.99917752     1.20878940    -0.58582104 
   10.82029805    -3.44146164     1.66655895     1.96348573    -3.63095504     1.50089259 
   10.20899254    -4.03895033    13.52852117     0.74610370     0.72811625     1.37272303 
   11.52749047    -4.15263347     2.20991281    -3.18920328     2.83440627    -2.47907962 
    8.96156310     3.53638016     9.95969716     1.81037131    -3.11644616    -1.01060866 
    8.40693247     2.70582065     9.69886571     1.76012164     1.92576248     0.38213505 
   10.01811832     3.29918176     9.62144708    -3.83382034     0.69926332     0.25551483 
    7.78255628    11.74133098     6.23682966    -3.26622843    -5.28963632     4.08973780 
    6.80347261    11.82838063     6.39902247     1.14446550    -0.07433680    -0.32881034 
    8.02126812    12.42169412     5.75549007     1.89495036     5.24505337    -3.81606429 
    3.67833194     5.63721896     2.78303290    -5.34969732    -1.95182834     6.39947933 
    3.74000225     5.51482028     3.89240000    -0.26764582     0.75869183    -4.79290406 
    4.46200105     5.85799170     2.45396934     5.34131552     1.19337820    -1.79774718 
    3.53028933     8.34448956     1.49705820    -0.73721282    -1.31599932     0.43654579 
    2.95456040     8.99871134     1.01895188     0.11774733    -1.04352908     0.64342407 
    3.03206898     7.50061067     1.72032865     0.53201296     1.80911147    -0.66266107 
   10.51760869    10.18618500     4.24868972    -1.67413876    -0.80051856    -3.44827806 
   10.05500197     9.80216110     3.32828122     1.69068639     1.15738273     3.57910615 
    9.91858009    10.12448294     5.00802197    -0.21522048    -0.43830340    -0.58916862 
    7.44938631     3.21229087     5.12136115    -0.30868630     1.21563882    -2.18601997 
    6.49469771     2.86061028     5.18118992     2.04159589     0.50901597    -1.09246748 
    7.72858021     3.52778103     4.11401941    -1.48533741    -1.45315746     2.95000828 
    6.25556253     5.76850783     5.72315734     1.09738858    -2.00517362     0.38251609 
    6.82723267     4.85657146     5.68346905    -1.24580816     2.76455964    -0.56466085 
    6.61540303     6.49321602     5.17362269     0.30703205    -0.99589165    -0.31027010 
   12.32040960    17.01680441    12.14530486     0.42726565     0.32627472    -2.17757132 
   12.07868145    16.38962358    12.80741138    -0.37981488    -1.01659419     0.06319415 
   12.24711856    16.62002733    11.22940495    -0.04090679     0.53183813     1.99129480 
    0.60875488     6.89549653     2.20527193     1.62267553    -2.25684362     0.80544994 
    1.13221168     5.96012290     2.18400959    -2.36277313     3.26227407     0.41668864 
    0.47299341     7.12743490     3.15582237     0.46011614    -0.41045628    -0.97599130 
    8.70364213    12.63500545     3.13463940    -4.21301198     0.00526614    -2.74684473 
    8.59018654    12.04529037     2.30551926     0.99057461     1.05491907     1.49262906 
    7.80875056    13.14629647     2.94843253     2.64226762    -0.90557903     0.95728909 
    0.51921809     7.52706953    11.79239658    -0.16284399     0.62397109     0.06381070 
    0.66003215     8.46027354    11.78620521     1.31585019     1.49415630    -1.35819628 
    0.14195814     7.65909924    12.65490251    -0.57933157    -1.82200298     1.36725172 
    3.73634035    12.68342516     8.75835906     1.21651300     0.53535026    -1.20762726 
    3.88589112    13.53391877     9.19286646    -0.39071071    -0.77330084     0.82486692 
    3.17298888    12.06042484     9.22324123    -0.66415745    -0.15408218     0.46448239 
    0.23468321     8.77735652     4.48352269     0.56819869     3.18793315    -2.13737467 
    0.92714493     9.37373923     4.02029155    -0.32740754    -1.64542981     1.15015793 
   -0.54155466     9.45152828     4.34467188     0.27705195    -1.63548477     0.70633900 
   -4.18233090     6.05870861     9.96197262    -1.00095673     3.24407579     0.56688742 
    8.27717822     5.17329989     9.71262432     0.98395144    -2.96460186    -0.73384467 
   -3.33948390     6.48787133     9.80808788     0.37915205    -0.14641309     0.51992363 
   13.62922359     4.19345950     2.72445298    -6.49209052    -1.53939231    -1.18432277 
   14.44648487     4.39580098     2.52539239     6.94424497     1.63846211    -1.27343725 
   13.56778611     4.12906921     3.64007243     0.01811806    -0.02640267     2.87121935 
    3.35466070     5.95599531     5.66388950    -0.60362851     0.66290275    -1.38647329 
    3.27995146     5.96985976     6.59561181    -1.10136865    -0.26721541     1.83787698 
    4.27755105     5.85164157     5.63864774     2.63294480    -0.13618678    -0.45874831 
   12.29680830     7.15717466     6.44834179     1.96651963    -0.97453606    -0.93638087 
   12.63183039     7.74874186     5.74390109     0.75486088    -0.24841344    -0.00111175 
   -0.89391789     7.62427938     6.57476222    -2.60526429     1.26331224     1.52945756 
   10.35541587     6.71758715     4.15544340    -2.51828896     5.06541029     2.07558589 
   10.93888666     6.93698402     4.86565214     0.69563292    -0.38852527     0.30231253 
   10.61259599     5.98700510     3.74220892     1.73430261    -4.71556009    -2.49314356 
   10.30122813     3.02390907     5.69569305     1.22223113    -4.37488359    -2.94788968 
   10.77261918     2.17632065     5.24254273     0.39182194     2.61684454     1.67693612 
    9.55090776     2.55279319     5.27282225    -1.47261044     1.58725085     1.11412133 
    5.01704974    10.88618061    13.04871619     1.30009446    -0.51343982     3.35443789 
    5.46449552    10.68599287    14.05658710    -1.88879514     0.91192966    -3.73281192 
    5.08668946    11.82901564    12.80180211     0.43739323    -0.48259170     0.30134683 
  -10.05902372     2.30629186     6.99365890     3.08533065    -3.50974289     1.49176003 
  -10.22888960     1.51564290     6.37727329    -0.06652322     1.40311862     0.24288454 
   -9.17085269     1.90238148     7.48224822    -3.55290659     1.57242072    -1.69473845 
   13.06893076     1.62564826     9.12661348     4.53131987     9.15354372    -6.17461052 
   13.70690680     1.69488051     8.13609958    -1.78747819    -0.38172984     3.69132458 
   12.84037912     0.86645359     9.41527964    -2.25887993    -8.80742162     2.34262081 
    8.04576903    -3.09730066    11.21860973     0.99898212    -0.95302620     1.39016026 
    8.68998936    -2.41534999    11.43472571    -0.49507750     0.21789597    -0.25116966 
    7.50770164    -2.83849067    10.49432489    -0.47540598     0.75860955    -1.08218821 
   15.21701980     5.95620699     8.36295785     4.14845155     5.52396679    -1.22506449 
   14.85919017     5.76094060     9.16640760    -2.03213422    -1.79360771     3.18792801 
   15.75508719     6.86374590     8.76904844    -1.82559225    -3.74965780    -1.90168666 
   14.43912931    10.35208206    12.94801377    -0.34513942     2.18753178    -1.13782691 
   13.60048927    -1.49260253    12.72152592     1.93972872    -1.69095893     0.69654309 
   15.28269069    10.83580294    12.71210657    -1.57501239    -0.47405152     0.50108155 
   15.38238768    14.63249066    10.53602405     7.13013583     5.04059399     0.65875813 
    3.17465049    15.73021586    10.50702514    -1.26149190    -4.32457221     0.30455814 
   14.50781651    14.56861897    10.49702369    -6.02245255    -0.28483571    -0.98393087 
   -3.74211367    11.82462347     0.39310405    -0.78472683     4.40968606    -0.53929433 
   -4.72246208    11.97252850     0.35813814     1.19228291    -0.74772350    -0.15506383 
   -3.50457131    12.89102138     0.21396010    -0.70143333    -3.70423152     0.70696635 
    4.92327953     2.22403126     4.87850056     0.33181082    -1.81002678     1.49261878 
    4.97036043     1.32066227     5.36437520    -0.48519418     1.40892418    -0.59724703 
    4.50767963     2.83836896     5.48386341    -0.46285539     0.03436898    -0.05217903 
   12.48900546     5.50286087     8.97045328     0.10707005     1.13615569    -1.88665598 
   11.92098664     4.93558290     8.39994733     0.77104341     0.04178868     0.72642961 
   12.92822254     6.14126026     8.32353414    -0.99590194    -1.27781327     1.18464158 
    5.95742409    -2.25480292     3.43497922     0.53002807    -1.18261555     2.69387484 
    5.61457018     9.43877511     4.16795315     1.94308658     3.08000847    -2.83019994 
    6.86739722    -1.87549928     3.70850033    -2.43903723    -1.41879208    -0.20432260 
  Point= 2 -30020.86084253   1
    4.36512987     8.62267802    13.57641170     1.23227387    -2.76420997    -3.27457938 
    3.77375318     9.30420535    13.49740555    -3.13752922     2.64992437     0.21634662 
    4.68484287     8.54975740    14.41838556     1.61515248     0.07985388     3.60125878 
    4.30822216     2.22279299     3.44204903    -1.33280920     0.52512240     2.09856642 
    3.69662031     2.88760890     4.03838411     0.63200322    -1.49087557    -1.46279910 
    4.82751433     2.84879375     2.96512278     0.81577035     0.92384416    -1.03150659 
   -0.68225230    13.01410800     1.46114823     2.91060353    24.13135925    12.81227698 
   -0.71088608    12.36681844     1.10181045    -0.77914754   -22.46847165   -12.86781284 
    0.23051594    13.46242693     1.38887850    -2.12828325    -1.26190328     0.16352122 
    6.70229393     4.83859001    12.32591304    -1.67399992    -1.69302095    -1.82704235 
    6.77934213     4.05513257    11.66131939     0.54800009     1.78646003     1.40272782 
    5.72315734     5.03420037    12.18160642     1.17342642     0.33650874     0.56008942 
    9.75263011     5.30473692     5.83989384    -3.63972251    -3.93684450     2.62464527 
    8.96854824     4.53022258     6.25492752     3.60810821     3.45109599    -0.59108666 
    9.38956163     4.99053267     5.02288127     0.32625569     0.76011108    -1.87775482 
    8.32665629     1.80764288    13.64361721    -1.65808478    -2.56843064     3.01542746 
    9.10126589     1.32848880    13.91651389     0.24274775    -1.03480275     0.84659789 
    8.74100204     2.32084952    13.04458861     1.40685701     3.37559293    -3.98822031 
   -3.00070994     2.32393992     4.52476147     0.02181685    -2.53602958     0.51574301 
   -3.45365917     2.28482314     5.43544370     0.88686653    -0.39597325    -1.58561049 
   -2.67074149     1.35808039    16.71030497    -0.73181350     2.86494071     1.08395198 
   11.71137955     7.47425764    11.39572535     1.03933818    -1.66553584    -3.75051655 
   11.90828639     8.15927754    12.01512727     0.99677611     0.67746035    -0.18676144 
   12.28701852     7.45340806    10.41701210    -2.07685087     1.02186495     3.92243088 
    0.37089607    -4.94444133     8.83381973    -1.04238751    -1.83605664     2.07962252 
   -0.05918688    -5.72897829     8.47694262    -0.17124276    -0.72252667     0.41040794 
    0.60979736    -4.47251051     8.09032575     1.12078563     2.20783837    -2.12806213 
   11.68619071     8.39433806     2.73027922    -0.08657269    -1.21749002    -0.69527296 
   12.61632549     8.09201912     2.42760044    -1.96656591     0.07058042    -0.40390716 
   10.97158981     7.87701442     2.24175870     1.70130505     1.05263079     0.99004496 
    2.65191866    16.19139380    17.04569748    -3.46470742    -6.97556102    -0.36293404 
    1.70879258    16.03973161    16.64378739     2.12703883     0.85986479     1.10346153 
    2.84580919    17.03998237    17.02019114     0.91259815     6.58285051    -0.56908315 
    2.04376176    14.41780346     1.54946262     1.39677314     0.04437932     1.85057310 
    2.84677229    14.12871396     2.10034138    -1.52695845     0.59930905    -1.01289180 
    1.97146027    15.38418688     1.77677069     0.31312969    -1.18303721    -0.40574653 
   -2.91423180     4.78244960     2.79507168    -1.41606671    -2.43911951     1.45445330 
    9.99658081     4.84415167     2.01051884     1.23358513     0.81641313    -2.09728601 
    9.27991611     3.80279971     2.75546277     0.00825325     1.84593997     0.78139468 
   11.64941290     4.81051187    -3.55375304     2.52281925    -3.21871956     1.64925047 
   11.67751221     4.00479195    -4.17495946    -0.18455749     1.81732872     0.90187664 
   12.30262924     4.37573988     9.67346520    -2.26600189     1.27692367    -2.50496550 
   10.21661269    13.25393111     9.96012050    -0.21323559    -1.58824844     1.06845337 
   10.30308025    12.53758393    10.64519331     0.37720521     1.13115232    -0.36664928 
    9.46772110    12.87181225     9.49380954    -0.57368028     0.30132369    -0.54276532 
    6.03669484     9.17000601    -0.66291616    -5.56279047     6.41644862     0.81424826 
    6.63895142     8.56864903    -0.80828114     4.77131706    -5.31113075    -0.16368012 
    5.36516896     9.08168633     0.10722824     1.60238437    -1.00520934    -0.99013238 
   10.66858294    -2.02227187     6.13983148    -1.49360094    -0.94307602     1.89555200 
   10.23132382    -2.79719897     6.62005979    -0.84902502     1.55592965    -0.03534138 
   11.23771303     9.75522308     5.77999098     2.29332759    -0.51554761    -1.78419746 
    7.54675492     0.27592887     8.68845475     2.22544529     1.96344973    -4.07355013 
    7.41329643    -0.46407836     8.13530581    -0.33423743    -1.83402547    -0.20242358 
    7.30719640     0.22701014     9.54148841    -1.80375843    -0.88736019     4.79855534 
    8.11694336    14.59851748     7.03662809    -3.15626743     0.26695728    -1.40651762 
   20.47238449    13.85121343     7.63137036     0.73085705    -0.50950654     0.76688337 
    7.11060707    14.52369182     6.76177345     2.67240097     0.75072655     0.26624302 
    5.58541252     2.53708192     5.96123417     2.68049995    -0.59419256     1.73825182 
    5.22860949     2.39618848     5.13174360    -1.15350036    -0.92641012    -3.07199176 
    4.90199073     2.95196214     6.41468612    -2.06702411     0.90003573     1.74591886 
    2.65746973    -6.35838166    10.32789866     1.36790478    -0.37059850    -0.71336325 
    1.98860032    -5.70664701    10.06918392     0.97470061    -0.34496613    -0.74578488 
    3.47421242    -6.56216781     9.68563628    -2.82035261     0.64187626     1.10111668 
    5.42427806     9.44390813    -3.32533370    -3.59577205     3.03828972     0.42806577 
    5.54339585     9.16598426    -2.43775006     1.32836119    -1.40987549     1.87411927 
    4.61292239    10.06320422    -2.92645051     2.02233831    -1.75492801    -2.74913816 
    4.14333054     2.44357101    -1.00600292     2.62239813    -0.25247733    -2.24804016 
    4.70971420     1.92498264    -0.39380098    -0.56310790     0.50405374    -0.66787013 
    4.75582141     2.58074962    -1.84699250    -1.88344724    -0.40701666     2.83355781 
    8.33803360     7.32518842    12.04650748    -8.61566864    -0.18077693     8.16120019 
    7.88034823     6.40902392    12.42328165     1.26912294     3.10110181    -1.86299153 
    8.89531012     7.01890066    11.49600443     6.71474817    -3.10271132    -6.59385484 
   11.22162604     0.00712802     4.24126007     0.95244513     3.03623798     1.71639743 
   10.81071994    -0.53001860     4.88058023    -0.62869164    -1.58452548     1.13158941 
   11.07081054    -0.31296334     3.40532942    -0.81592462    -1.34003914    -2.95120641 
    1.76176322    17.10078483     1.08416239     2.19812473     4.24522792     3.52930385 
    2.53339355     4.91635260     0.56409761     0.75481460     0.02132834    -0.19581893 
    1.34557064    16.45211941     0.67870152    -3.08638480    -4.26092709    -3.75965940 
    4.36173256     4.70115211     8.80566750     3.25356317     3.49630629    -1.93717304 
    4.85742343     5.30494860     8.08794445    -0.10128764    -0.93832462     3.31423095 
    3.93291910     4.32155213     8.07968929    -2.54162945    -2.48033432    -0.76342266 
   -1.32936194     5.16572207     0.61768739    -1.09552710     0.70111451    -1.67481239 
   -0.65590986     5.09255274     1.26626814     1.33046949     0.24270713     0.42241346 
   -1.12428990     5.90530014    -0.03229092     0.10812318    -0.79665676     1.07999763 
    6.78934358     5.67860062     7.65047365     2.21724861    -0.05016225     0.72698497 
    7.66116303     5.83232660     8.16652727    -2.00982732    -0.41509095    -0.69616771 
    7.08774661     5.18894237     6.86644470    -0.33569936     0.70646755     0.11997185 
    1.43094809    11.61258217     4.10542028    -1.60838533     3.25906019     2.64772865 
    0.65696821    12.24621895     3.95550967     1.29945169    -1.05673427     1.29352272 
    1.44433098    11.25819219     3.28398379     0.67227186    -2.38498747    -4.03304495 
    3.19708231    -1.15202937     6.13723851     0.94870160    -1.96818571     0.59618259 
    2.92847196    -0.89474341     5.23988097    -0.71551270    -0.61030824     0.34629694 
    2.87514148    -2.11542293     6.42225335     0.07571235     2.60104253    -1.06505437 
    2.62001986    10.36250685     9.27330140    -0.99446212    -2.07407922    -1.25789749 
    2.46940015    11.29380581     9.00421479    -0.44157796    -0.60796339    -0.59304070 
    2.19083068     9.69452646     8.55044533     1.45450986     3.01976748     2.33504119 
    9.40072727     8.10583064    -5.32055932     2.94489178    -4.37685305    -0.72539088 
    8.53033660     8.44386904    -5.19728220    -1.55867559     0.29342371    -0.06928510 
    9.45613212     7.06239902    -5.52498048    -0.79994263     3.68835752     0.51200257 
   10.49749995    -1.42482022    -0.06295780     0.36543058    -4.72551540    -2.44250308 
   11.33158907    -1.90624977    12.54012398     0.18152307     1.10888656     0.47299069 
   10.27688597    -2.26666178    -0.70919271    -0.59607975     3.00784784     0.94580654 
    6.93470856     3.32081982     9.78046483    -2.66026536     1.23821826     2.24543820 
    7.57707677     2.91403072     9.29346305     2.49579694    -1.44017853    -1.90596498 
    6.33499203     3.72177210     9.15624740    -0.21836186     0.44737580    -0.25859861 
    6.55597643    12.72221385     3.62468925    -3.70084795     1.58697317     0.97798648 
    7.33217356    13.06718448     3.29517060     2.99057002     0.61508021    -1.21745402 
    5.99504859    13.57609420     3.64127366     0.62750379    -2.22207200     0.15581254 
    8.63088027     7.58728989     2.34187903     0.52274156    -2.50949064    -1.37483647 
    8.41079547     7.63465126     1.28420196     1.56552502    -0.85292281     3.12527533 
    8.97368126     6.60968792     2.70020079    -1.80279169     3.43351478    -1.99233352 
    3.96973925     5.90535306     0.10321601     0.29354918     0.68647464     0.37993830 
    3.42318915     6.26424104    -0.63013364     0.11582261    -0.63940800    -0.54057988 
    4.14081165     6.72324935     0.59247209     0.08257565    -0.20803013     0.18303179 
    8.86662871    10.98810014     1.94866332     2.99435469     1.49895912    -5.08584029 
    9.52683020    10.53200231     1.17395847    -2.45237612     1.91281440     3.11104684 
    8.60955443    10.42251554     2.59850881    -0.80151100    -2.85044482     2.41689488 
    6.99196554     4.61838350     5.06201392     0.24003935    -3.37025018    -0.15350883 
    6.69144580     3.72756130     5.53196562     0.51919858     2.48707575    -1.56246026 
    7.22406266     4.29641092     4.12743935    -0.67559373     0.81633085     1.48745600 
    6.26783944     8.40852000     3.31445911    -0.48022937    -1.44854490    -2.07575558 
    7.12251355     8.20663890     2.80679296    -0.58442750     0.44732952     1.79641021 
    6.27948134     8.95230250     4.07909901     0.95917114     1.07456231     0.65648528 
    9.33151089    15.65459644    11.23527882    -6.07150923    -4.27241993    -3.81443935 
    9.51677583    14.81891979    10.65810523     0.06246807     2.13129658     1.64321351 
   10.07241190    15.94151632    11.57199427     6.47995490     2.28064691     2.60404558 
    2.29043242     6.57386262     3.85228307     0.60847761     2.53655409     2.37573664 
    3.16500359     7.07790391     4.04885124    -1.99759914    -1.57427191    -0.13875994 
    1.60405254     6.99027217     4.49385223     1.55915382    -1.06890588    -1.65970458 
    7.66095136     9.89683090     7.36413587    -4.58667061     1.62450101    -0.89866276 
    6.88734720    10.22719623     6.56915295     2.59783894    -1.23661389     1.94731862 
    6.98244035     9.76236697     8.10000969     1.08518611     0.03644849    -1.08384914 
    0.87056530    10.40330641    11.79250242    -2.21819992    -1.71401145     2.52720555 
    1.33787111    10.45839376    11.02768260     2.95994302    -1.71240708    -4.27182857 
    0.75898299    11.31312078    11.73630380    -1.09135162     3.51625292     0.94800740 
    1.97706955    12.71819211     7.98919998     2.15928563     0.18657889     0.42306241 
    1.04728932    12.80338964     7.79515070    -0.37776108    -0.41266897    -0.25940594 
    2.51548090    12.39010224     7.22268680    -1.00606294    -0.03915175     0.36337267 
   -0.16097888     7.81351315     5.32796780    -0.02956102    -1.14011005     3.71587348 
   -0.54134299     7.84489336     4.45364005    -1.10650571     0.00262715    -0.97664951 
   -0.72603113     7.34984808     6.05929071     1.25050814     1.26788881    -2.92903320 
   -3.44802873     5.76623237     9.55985086     0.05127657    -2.18099603     2.18499667 
    8.66432427     5.07855071    10.23508097    -0.54350580     1.31753169    -1.33633675 
   -2.56391120     5.36199390     9.55720497     0.58761053     0.65977629    -1.13606313 
   17.41950826     6.51972779     4.87981292    -1.97367244    -2.88250650     0.65534885 
   17.98890294     7.01292095     4.35399069     1.90362527     2.28167535    -1.48225722 
   17.65451586     5.62822295     4.52871972    -0.19905800     0.72751461     0.96740381 
    1.93406332     9.02125429     6.95322976    -0.17615357    -2.34566500    -2.62289178 
    2.62166031     8.24733263     7.00429536    -0.24715206     1.39116813     0.54769156 
    1.47356273     8.77042430     6.07791774     0.22275690     0.92099538     2.00979132 
   12.22769775     3.84250388     3.78872360    -1.60100626     1.42955472     0.31090414 
   11.71222623     3.05089182     3.58934021     0.03599649     0.27037993     0.25940851 
   -0.88662583     4.52762961     4.08603123     1.71826406    -1.87425811    -0.68225289 
   13.83401517     7.44700502     1.46102123    -0.42834602    -1.60738774    -2.16257150 
   13.77501191     6.56634831     0.93765968     0.00918347     2.08803003     1.59037217 
   14.48379186     7.25713623     2.13128237     0.20915884    -0.36225167     0.44904907 
   11.84108088     0.05843228     7.87204015     0.11211970     2.38148563     1.17596153 
   11.24131144     0.30288833     8.59891796     0.43686101     0.25205104     0.13666449 
   11.45038935    -0.67491790     7.48415326    -1.03555865    -2.55585794    -1.69199765 
    4.64194247    12.27569412    13.56842113    -3.11011610     0.44111979     5.24705883 
    4.97013288    12.15419504    14.52840150    -0.66492879     0.49534541    -2.31932146 
    5.37628168    12.11678221    13.09099745     3.79279579    -0.85718056    -2.81692276 
   -9.50132386     2.84523239     7.62221559    -2.66786554     3.57740408    -3.35433504 
  -10.39309329     3.13626927     7.01773647     3.59749469    -2.12341358     2.72672327 
   -9.57498532     2.00175038     8.03063456    -1.13570318    -1.40763863     0.11560920 
    5.96843098    -1.75940309     5.34966407    -0.90828383    -1.21665698     1.14335993 
    6.37679703    -0.93109259     5.07151265    -0.79919701     0.33223711    -0.37821206 
    4.99661291    -1.70163811     5.63039258     1.60125309     0.86259531    -0.45909849 
    9.54170008    -3.02187174    10.07759784     3.30086635     0.67523377     2.12914714 
    8.67469614    -2.85397969     9.86381024    -2.54595919    -0.08349765    -1.34220401 
   10.01748331    -3.65229113     9.55328906    -0.53988054    -0.44616738    -0.66462025 
   13.37738815     3.40819227    10.61762318     1.86212250     0.94293718    -2.40028554 
   13.33330769     2.40420023    10.62508458     0.76238908     1.63914603    -0.19249294 
   14.13781580     3.79385133     9.95355870    -2.48884467    -2.04365791     2.73389665 
   14.77351638    10.47082942    13.83491477     4.52945325    -1.66846176     6.66754269 
   14.18491257    -1.92055872    13.19889668    -4.21393758     0.55924096    -5.35262838 
   15.33978891    11.20702075    13.95980059     0.37871342     1.20480418    -0.73384467 
   14.02742944    13.23969625    11.48722008     4.28569711    -0.14643932     1.43739145 
    2.54333150    13.20492930    11.02371377    -2.88226481     0.21275531     0.91209935 
   14.43399629    13.47422758    12.43920988    -1.67053407    -0.04266337    -2.61115212 
   -5.43311532    12.30448137    -0.84501663     1.01385853    -1.64324951     3.12272480 
   -5.66383658    11.28872571    -0.88571564     0.93123351     2.65841930     0.72253695 
   -4.93980045    12.55001959     0.11752497    -1.80290996    -1.35691587    -3.92706916 
    6.47665277     3.92563233     2.48868866     2.47939843    -0.71073558    -3.86940442 
    7.01170385     3.08148355     2.21601952    -1.36585818     2.12108930     0.75129733 
    6.70298186     4.50183222     1.55046276    -1.08037815    -1.99606162     2.78758646 
   12.14810950     2.58720029     6.68313772     0.69650709    -4.04514456     2.52345688 
   11.47981160     2.70484167     6.06008447    -1.59753527     0.78087018    -1.84166679 
   11.95072640     1.54518157     6.94269914     0.88447541     3.49782839    -0.52138402 
    3.97713185    -4.86095304     7.40287164     0.39079813    -1.16007725    -0.89639505 
    4.66740119     8.11043448     7.84701007    -0.36991356    -0.73958338    -0.61144467 
    4.30068138    -5.50000331     6.69044036     0.30417196     1.84734379     1.28848335 
