     16 -    16 -    16 -     1 
rmse= 149.5527meV
  -1.34375550567264     
   2.21011031269885     
  -1.43636358885727     
  0.265339258731843     
  -1.00489455461639     
   2.04677840009911     
  -1.98513093670183     
   1.47489455888346     
  0.126208120967177     
 -0.173301226735710     
  4.240232468535432E-005
  0.348297199803902     
 -0.727578170149429     
  0.991548075710810     
 -0.863073528065927     
  0.570491949240196     
 -0.362648792533006     
  0.101433763423409     
  0.353231891593156     
 -0.496499129423568     
  0.926669517008166     
  -1.30496834011289     
   1.11566935469582     
 -0.659615306965664     
 -0.436371037809696     
  0.670672181854941     
 -0.694280770175214     
  0.490665969922312     
 -0.113012497105167     
 -0.153914355973683     
  0.310060942330648     
 -0.390078557735866     
  -1.00156849886097     
  0.929407825741945     
 -0.264374641574087     
  0.270013162597853     
  -1.17338126295082     
   1.16765884786767     
 -0.506597607501185     
  0.200032247928315     
  7.305424054071548E-002
 -0.233044139261044     
  0.468187344740955     
 -0.715972793874005     
  0.738946396462017     
 -0.486785014391193     
  0.266993402886028     
 -0.164310712937205     
  5.003916542158261E-002
 -0.154932431087339     
   1.16835585384323     
  -1.56824776058898     
   1.12910009142848     
 -9.091058490071847E-002
 -0.269663391154477     
  0.166306747397991     
  0.118302401714481     
 -0.439455642992435     
  0.783023273359089     
 -0.909651318550541     
  0.631083975251719     
 -0.251886739843062     
 -6.374718294397352E-003
  4.315671579380703E-002
 -0.598970179015930     
  0.931977272036819     
  0.235320618493925     
  -1.11414911760194     
  0.547135322316529     
  0.629804999743831     
 -0.945806272476283     
  0.802491457548267     
 -1.421067589502217E-002
  0.348527302834552     
 -0.968881459945908     
   1.40756854414945     
  -1.28550320465616     
  0.777833716072270     
 -0.194478385243968     
 -7.558307916282384E-002
  0.767727627980796     
  -1.31758185970429     
   2.16403199969513     
  -1.82338528120718     
   1.32604624681147     
 -0.188924333196979     
 -0.352285275007704     
  0.344367999795599     
  0.427485740103206     
 -0.827044688970265     
   1.15918812838749     
  -1.32180600164140     
   1.16828967496715     
 -0.822070728893195     
  0.432882238989823     
 -9.526694938878515E-002
  0.734808803533554     
  -1.63430625769978     
   1.03134089480226     
   1.24608576282171     
  -1.41025745366603     
 -0.475988480118441     
   1.15356298543209     
 -0.740143875832966     
   1.83243529133899     
  -2.56728140487476     
   2.16677741271371     
  -1.18299745968241     
  7.072417379787634E-002
  0.586925436415418     
 -0.473215326587569     
  6.758050933055765E-002
 -0.348100564579089     
  0.620095135568769     
  0.325976289422157     
 -0.811319962153702     
 -0.343501389338562     
   1.97698882837553     
  -2.23946904575492     
   1.75796914799739     
 -0.975710116289030     
  0.908369682273884     
 -0.303117571102746     
 -0.372436139878662     
  0.519125135426926     
 -2.448483458710394E-002
 -0.234994312319925     
  0.233208909998003     
  -1.04133172640375     
   1.57462665101040     
  0.601366503588245     
  -2.50717759013723     
   2.59224650416934     
 -0.812248193481621     
 -0.400506992302794     
  0.668664342032899     
  0.374367496976753     
 -0.385510300100840     
 -1.243030915458294E-002
  0.609211925907432     
  -1.06787495215933     
   1.21796576016578     
 -0.976368182697322     
  0.615827645400019     
 -9.493367305314733E-002
  0.322821590127438     
 -0.513386898329988     
  0.268902995371910     
 -8.941226987891221E-002
 -7.379009640789407E-002
  0.117026215353914     
  1.137583607657441E-002
  0.197459436987810     
 -0.754226043099026     
   1.61093437802174     
  -2.55758850096666     
   3.04593266307847     
  -2.70338441906818     
   1.93980640026800     
  -1.06985897625246     
 -0.553804122950175     
  0.170538018221844     
  0.171060112502806     
 -9.091954021999626E-002
 -0.274049524573107     
  0.149877477227522     
  0.159600023378863     
 -0.223157069292734     
  6.035781022557054E-002
 -2.064310796214897E-002
  7.092697972917765E-002
 -0.236554417892704     
  0.409505836398367     
 -0.481865589339753     
  0.423835079995173     
 -0.300342247578855     
  0.524572740492470     
 -0.626837057855193     
 -0.532525319404318     
   1.60057129176122     
  -1.35182217752374     
 -0.125170220300676     
  0.811704006205252     
 -0.715219653164205     
 -0.579735399611029     
   1.00131481861109     
  -1.15875450633364     
  0.886547148013340     
 -0.131011804402801     
 -0.557139076463661     
  0.786188014939734     
 -0.596632661311200     
  -1.18483758678739     
  0.560492098313154     
   1.46203531010999     
  -1.85548435353044     
   1.14950165981899     
 -0.294564218028698     
  0.156193206677222     
 -0.190799390357745     
 -0.239952963118453     
  0.536026502947941     
 -0.838757165705322     
   1.03431036824855     
 -0.995620331834209     
  0.779796107108984     
 -0.475367153112054     
  0.161768130335254     
 -0.174938405327014     
 -0.670226176860136     
   1.69043836345660     
 -0.692098189718935     
 -0.435177306693653     
  0.668331691779769     
 -0.275435830756769     
  0.188548326808390     
 -0.119370267882258     
  0.317573743687967     
 -0.389899887849796     
  0.177920135469109     
  0.232327284103279     
 -0.399300290720213     
  0.436803700342143     
 -0.284475001360183     
  0.332442467979847     
 -5.349745839173887E-002
 -0.721937563717804     
  1.719193428239179E-002
   1.85552869405347     
  -2.65128064291618     
   1.86770262321950     
  -1.09290419766006     
  6.417912792343058E-002
 -0.158362684735009     
  0.307973605594386     
 -0.433741254237826     
  0.516613354166019     
 -0.568610609197752     
  0.434009311088084     
 -0.293273611531883     
 -0.332319413084485     
 -0.305542473069957     
  0.150256251526221     
  0.596124085112604     
 -2.285794415591880E-002
  -1.10314323543185     
   1.15282390155767     
 -0.690338701949269     
  0.993237228372153     
  -1.15126592260113     
  0.879411495660817     
 -0.633189463581147     
  0.595025224404183     
 -0.699266068654184     
  0.704797463031605     
 -0.405385759735246     
 
  0.156995724461138     
 -0.474171558190093     
  0.293950829762235     
  0.360436197864971     
  0.986696610443083     
 -0.701931588764500     
  0.302868227421052     
  0.463904280338414     
  0.310008544787083     
 -0.742107177045006     
 -3.531702532099700E-002
 -0.147762638300320     
   1.26507238863757     
  -1.53454227096769     
 -0.387034016613612     
 -0.879937445942381     
 
   2.89338175236986     
   2.13050683594771     
 -0.451915070281972     
 -0.100889662254474     
 -0.584851946789623     
   1.97619306024010     
   1.01519957396799     
 -0.742518254394190     
  -2.61927140722548     
 -0.176074246080087     
  -1.30300740038099     
  0.430606821336559     
 -0.488252992314950     
 -0.955188921945144     
  -2.50436281591020     
 -0.201019141127369     
  0.163455112351023     
 -0.131850458935714     
  0.447992706936880     
 -0.977631315545995     
  0.414576017615388     
  -1.36949004243313     
  2.340124537041057E-002
  0.106287550841818     
  -1.23552370018860     
  0.266195099341256     
   1.19277940591084     
 -0.680353060298217     
 -0.283676925647017     
 -0.337044791302921     
   1.04746960652938     
  0.394672015875387     
  0.626174791698679     
  0.134630681640578     
  8.440633562795406E-002
 -2.049292569772672E-002
  -1.07604557005794     
  0.722952291274730     
 -0.618749114278453     
  0.593073988059542     
 -0.163078248705810     
  -1.40978575273496     
  0.788702276125470     
 -2.138652583550619E-003
 -0.170515315423432     
  0.402391237383310     
 -0.605110134145997     
  0.496097078636253     
   1.20708882097742     
   1.84036211145501     
 -0.776754052916683     
  9.648936158731969E-002
 -0.281634038289879     
  -1.16832841109163     
  0.217756211447277     
 -0.255212942267660     
 -0.894993221095435     
 -0.860313026597017     
 -0.564384090410389     
 -0.680625991930188     
 -0.956466057273810     
 -0.529669178290787     
  -1.68594948078418     
  0.410425100300411     
  0.426503579429142     
 -0.199887748077538     
  0.370117506976771     
 -0.231014381665070     
  0.583276071266538     
 -0.912809749541078     
  0.271455411452665     
 -0.169388038648025     
 -0.385232321947033     
  0.207657161341242     
  0.343490468006439     
  6.512028644767967E-002
  0.365721441007800     
  4.337294109631515E-002
  0.908356014892912     
  0.116681222357630     
 -0.137807269668920     
 -6.498144684103316E-002
  6.633487176417897E-002
   1.15385659249844     
   1.09312718103370     
  0.921501224716078     
  0.546840702545483     
 -0.439863066879571     
 -0.198757615513803     
  0.713091482489521     
 -0.614447270511999     
  0.679192597477819     
  0.885386355328622     
  0.294814430817425     
   1.23967809163700     
 -0.279109189573555     
 -2.318251211123514E-002
  0.751469183302996     
  0.687382614362244     
 -0.600432979512940     
 -9.297751451408925E-002
  0.359378632647363     
  0.173092029184596     
  4.092813765626067E-002
  -1.32583682652223     
  0.251221417609468     
  0.464118831908261     
 -0.662308327126811     
 -0.792112166818145     
 -0.453494442351816     
  0.715422975441591     
  0.230635628263791     
 -0.477949643309630     
 -6.015769358869545E-002
  0.678738787606646     
  -2.29571538381014     
 -0.844008856256253     
 -0.904493627119234     
  0.122062264440489     
  0.165108135588552     
  0.222129810422597     
 -0.589666612378612     
  0.127102870958292     
 -0.177890576986790     
  0.162337576289478     
 -0.768733806584136     
 -0.186791213543683     
  0.205602218715831     
  0.615181248285943     
 -0.210649529807777     
  0.766239101879729     
  0.290246240004334     
  0.841315170956947     
 -1.989907568917251E-002
  0.201588492225712     
 -9.285487782191076E-002
 -3.730583731635531E-002
 -0.587993879973318     
 -0.365131215487562     
  0.297413366299552     
  0.714479174576237     
  0.707098814253458     
   1.97516497603818     
  0.172272528430201     
  0.400348634623996     
 -0.234795301766021     
  0.174431818569027     
   1.89770160982928     
 -0.900707075992210     
   1.31775361490970     
 -8.684788441804378E-002
 -4.613711881484758E-002
  0.972556853156741     
 -3.001506879563806E-002
  -1.34486450857116     
   1.40348263331594     
  0.212715002201094     
  0.483290419919608     
 -0.431805076810476     
 -0.164819614171278     
  -1.04328318845372     
 -2.800676506067671E-002
 -0.384773815231278     
  0.513535818704081     
 -0.354855381490035     
  0.655365501785027     
 -0.621309548736075     
  0.374627934977600     
   1.09978337212851     
 -0.821620553361546     
 -0.256491444127067     
 -7.856678447905167E-002
  0.199854208331714     
  0.520389826795018     
 -0.291814685699453     
  0.203711781040300     
  0.610870311528864     
  -1.91228461177288     
 -0.614557034104152     
  0.226480327338590     
   2.60911597380851     
  0.433601381731226     
  0.488693098980670     
 -0.121277914091127     
  -1.80915762118804     
   1.75190983021645     
  -1.22228366183975     
  0.890465145549424     
  0.988786802578431     
  0.544836695738129     
   1.20445871642887     
 -0.918638625731970     
  0.452167060215871     
  0.511624095328907     
  0.411450168331418     
  0.245148056627613     
   1.06728429864514     
 -0.616419168436778     
  0.219458457743730     
  0.274157886936775     
 -0.260371932426622     
 -0.644236530629556     
  -1.28705244538875     
 -0.949441383239578     
  0.826146440988233     
  0.468335620552029     
   2.23001097770864     
  0.487563061973990     
 -0.940399182013604     
   2.26399075825315     
 -0.852474074808870     
  -2.24883176097211     
   3.13386458291965     
  0.714998957290134     
 -0.376966220450927     
 -0.159959935579216     
  -1.43309788432264     
  -1.64596009731137     
  0.442438790768765     
  -1.14782205625907     
 -0.856567293226379     
 -0.828451448332830     
 -0.399523289145181     
  0.156565080505559     
 -0.609931761376248     
 -0.149953373966876     
 -0.541776846361929     
   2.49852202161765     
 -0.457402276265540     
  0.450683535092766     
 -0.457024853941467     
  0.176468935580673     
   2.16784132047698     
  3.480968043194613E-002
  -1.02497745930532     
   1.52009622229460     
  9.763908201413424E-002
  0.325962194570609     
  -1.00249117539762     
  0.171202057121223     
  0.640309903238718     
  0.873446951264573     
  0.484787083265460     
 -0.520255836091326     
  -1.76006298175266     
 -0.949276257722465     
  3.930629181132293E-002
 -7.208083639716011E-002
 -0.112511951253097     
  -1.21776905955752     
 -0.195084433732415     
  5.778296558614635E-002
  -1.43956849020904     
 -0.685394419371343     
  -1.33588949791246     
  0.308154820212019     
 
  -1.12532727567167     
 -0.255121017308232     
   3.00620134953773     
  -1.18605976157962     
  -1.41688453680159     
  -1.74751118815273     
  0.700922273961536     
  -1.28309312455138     
  -1.48174918225777     
  0.590622193335166     
   1.34568005868952     
  -2.19228791264665     
  -2.35384090661347     
 -0.338521137787419     
  0.657272425363080     
  5.912925540283033E-002
 
   3.30165699566444     
  -39.0320302403985     
  -25.7804489177871     
  -12.5112187526894     
   50.2692204291024     
  -31.1225749191582     
   28.9350919261033     
  -8.84175171808074     
  -17.4386942537884     
  -30.6250215487631     
   22.4776610925414     
   3.60365393774668     
   6.26761886299647     
  -3.01173481031864     
   22.2850854536795     
   16.8973324869440     
 
  -10.5852880416351     
 
  tansig  tansig 
