     10 -    10 -    10 -     1 
rmse=  62.2691 meV
  0.197671619588313     
  0.956084334750898     
  0.740704208822188     
 -0.184928377177929     
 -5.181724734266832E-002
  0.569026426902328     
  1.873776615013205E-002
  0.292886653779364     
 -0.358710445944843     
 -0.187228646686225     
  0.212559682341170     
  5.053698544350105E-002
   4.80962230241035     
  0.551292483026223     
 -1.474279842211078E-002
 -0.234791780240246     
  6.275380029224983E-002
 -0.715646115541650     
  0.191073218072232     
  0.815017677839208     
  4.246812956258614E-002
 -4.859867028889886E-004
 -0.181155972831452     
  7.563369432769060E-002
 -1.296552934847325E-002
  0.274584679190909     
 -0.115199638946817     
  2.923288271549382E-002
  2.768290718728425E-002
  4.883939237213079E-002
  0.269031161416008     
 -0.124113084993719     
  -4.59532524158308     
   2.45963155597003     
  -3.33998216312855     
 -0.354458027411924     
  0.920957450296193     
   2.16379159969684     
 -0.837445733504768     
   1.03014561686381     
  0.246723128189994     
 -5.442860806729085E-004
 -0.108595314228446     
  1.653562135758230E-002
 -7.046707132731887E-002
  0.308115651306640     
  0.204165201695246     
  4.120729662288805E-002
  0.719498070294575     
 -0.222297552796162     
  0.342132639916404     
  -11.9453350237935     
 -0.861998114962215     
   1.56629977571348     
  0.142148109296390     
  0.387630196264966     
  -1.17084695261980     
  0.704862052049725     
 -0.487955908691493     
  7.178863549190656E-002
  0.342637231641501     
  6.030873350743635E-003
  -1.18816812325863     
  -1.01488326165815     
 -7.387187038999452E-002
 -0.264741707814371     
  4.765470399322536E-004
  3.954723301101061E-002
  0.258258057622261     
 -0.296017633278715     
  0.300074560123765     
 -1.124967561952937E-002
  -2.48508249756537     
   1.04003703687096     
  0.116277067613527     
  0.346552817580475     
  -1.09629660560476     
   1.61933964076607     
  -2.87328548693981     
  -2.66477623503987     
  0.404545603797600     
 -1.423881314732618E-003
  0.329603072284820     
   1.16773725596054     
  0.291262679692923     
  0.169865952449600     
  0.467798794163303     
 -0.103200329108943     
 -0.384145872076494     
  0.135463593457459     
  0.307780710135372     
  1.576317418543839E-002
 -7.068206715144917E-002
 -1.874440114664790E-002
 -3.186295424754349E-003
 -0.408022390138472     
   2.00446951097013     
  7.774641468940282E-003
  6.540341640757261E-003
  5.267800413566168E-002
 
   3.34964481230829     
  0.856727206153190     
 -0.292256431550568     
   1.25429095947438     
   1.45032326344651     
  -1.66188815844420     
 -7.806846403501984E-002
 -0.732960579459262     
  0.876441380911265     
  0.278631517050922     
 
   1.44552598753227     
  3.217281251296476E-002
  7.800548319941425E-002
  3.239891855456108E-002
  -1.26117341255893     
  3.311425922472501E-002
  0.347165933800724     
 -0.395936296553103     
  1.700117496625828E-002
  8.480542456937022E-002
 -0.228304294936327     
  0.454065089289734     
  -1.74026033253352     
   1.18586786213581     
  9.417136478824550E-002
  -4.11792282845150     
 -0.145141612658862     
 -0.617015777923694     
  0.709008250547008     
   1.06582847681757     
  0.356346803064947     
 -0.260147316075981     
   1.11333170409393     
  0.166170903098195     
  0.522073853205141     
 -0.249928361522174     
 -0.671852166896194     
  0.343435976730084     
 -0.278594959827691     
  0.734849168537108     
 -0.200480453333506     
  0.162836774587718     
 -0.841776120798249     
  0.348844783403947     
   1.29280561650998     
  8.927587256661272E-002
 -0.376939363243460     
  0.109354540870499     
 -0.976841103382964     
  0.138602382350832     
 -0.145756442089532     
  -1.18028908553076     
 -0.975488143132830     
  -1.33027202615350     
  0.129027376187348     
   1.81714334780840     
  0.765950173563850     
 -0.721174397822784     
  0.319235473363313     
  -1.58185507714074     
  0.483072266554033     
  -2.64780491517599     
 -0.861742089656046     
  -2.80383379952106     
  0.586245955457839     
   1.63105212128725     
 -0.207107183444553     
 -0.591074429895634     
 -0.707720550401352     
   1.10565835694742     
   1.62388365093154     
   1.57483278301518     
   3.12882447359201     
   1.38704132286170     
 -0.410070541866630     
   1.90308246362010     
  0.911471672517814     
 -2.326561797921067E-002
  0.413683839423083     
  -5.74571708968460     
  0.481834404362348     
 -0.354579205772989     
  7.771521554827707E-002
  -1.19756162824091     
 -0.843643152325148     
   5.04242883904103     
   1.29067199000407     
  0.878888805672681     
   1.48782811543045     
  -4.21490971709368     
  0.214184834789477     
 -8.627683368089120E-002
  0.976247009755146     
  0.891594702090795     
   1.25184652587120     
 -1.710960568878291E-002
 -0.813432577514428     
  3.752700932377089E-003
 -0.738970917408163     
  0.791338429987156     
  0.169270209182074     
 -0.376885233009964     
  0.481768377944093     
   1.63577688462229     
  0.242041291718439     
  -1.46316258441437     
  0.467717606614012     
  0.495422879610930     
  -1.03214922578053     
  0.680378100913926     
 
 -0.999299690272082     
 -0.521735560779698     
  0.860533164635444     
 -0.300604458224297     
  0.552897865144100     
  -1.01208473881627     
  0.992278170081934     
  0.378741885219901     
  0.662832802565461     
 -0.489894689665750     
 
   7.72316159639010     
  -34.4472398498584     
   16.3606775779485     
   7.20427172819931     
   1.49952614324264     
  -1.27471375467309     
  -2.32133655068531     
  -27.0094934841030     
  -6.40598640944331     
  0.405631964540764     
 
  -2.96680985175263     
 
  0.000000000000000E+000
 
  tansig  tansig 
