 0.108087770396498195E+01
 0.228467603870724112E+01
 0.324997689419191582E+01
 0.505656247186561192E+01
 0.595172903657951835E+01
 0.575795949913514526E+01
 0.470710182712053360E+01
 0.297074331339257514E+01
 0.154937595376024406E+01
 0.609831433094477515E+00
 0.184996919429155610E+00
 0.652506291420832940E+00
 0.136099141090042952E+01
 0.228542809195187946E+01
 0.294955056567423490E+01
 0.374507231544692720E+01
 0.393001365157663374E+01
 0.308612860759659080E+01
 0.203043973921454812E+01
 0.113031686747910287E+01
 0.475135640127775649E+00
 0.162395765010071524E+00
 0.110164134676985181E+01
 0.242399631638713098E+01
 0.557479690957277274E+01
 0.102959601819562767E+02
 0.164519639841721350E+02
 0.203864526025173163E+02
 0.197786176607497666E+02
 0.154924886602436036E+02
 0.943716371997844483E+01
 0.455207992636301828E+01
 0.151318172254867944E+01
