 0.155729984359232154E+01
 0.321661164991730342E+01
 0.411320912204373368E+01
 0.505499024620960302E+01
 0.547375437099540552E+01
 0.570576192334667542E+01
 0.470590129178444183E+01
 0.296751409489570284E+01
 0.149236925013496968E+01
 0.575965440844357968E+00
 0.184717267265957219E+00
 0.720053648112287004E+00
 0.159317947098123369E+01
 0.217753169555472770E+01
 0.277608515885458917E+01
 0.337625808796238625E+01
 0.352969596093520410E+01
 0.288090224283504259E+01
 0.197360302804389898E+01
 0.113791759731482345E+01
 0.463950902236379359E+00
 0.162730392007697816E+00
 0.955740798665033475E+00
 0.220108761260204133E+01
 0.495304763981792462E+01
 0.911538323152772278E+01
 0.156756019945277014E+02
 0.200705306608883305E+02
 0.201371541047178795E+02
 0.156254544943954592E+02
 0.954215086667720414E+01
 0.435489398663080962E+01
 0.146690613938204817E+01
