     33 -    20 -    20 -     1 
rmse= 310.8325meV
  -2.21079907741580     
 -0.558655627923056     
   2.01452161574753     
  0.549731537299757     
  -2.76544839217830     
   2.23149091945715     
  -2.50900824378401     
   1.82303667259611     
  0.349425531524931     
 -0.169389583382028     
 -0.559394956261843     
   2.14209059443287     
  3.418166974176799E-002
  0.813369575414441     
  -1.29175786267119     
   1.02498020141541     
 -0.479363309486893     
  1.487338057637295E-003
 -7.165851383820515E-003
  0.464703109380538     
 -0.370074370436068     
  8.546103070100489E-002
   1.48280273952594     
   1.01831816400678     
  0.549674059689534     
 -0.424622380389831     
   1.14951111623603     
 -0.547098908420657     
  0.328159452960003     
 -0.436486589883229     
  0.302093019495505     
  2.794950662887993E-003
 -0.234323301470043     
   2.33526071965245     
  -3.12346602811826     
 -0.879265138616716     
  0.258942465755203     
   1.84109652675915     
  -1.87989961850296     
   2.07475818249085     
 -0.234138104128815     
 -0.694224458288968     
  0.124432272028221     
 -6.426154904033229E-002
   3.04846279476115     
 -0.288536230244649     
 -0.412777191801629     
   1.19865067245313     
  -1.62473108884262     
   1.57138395271329     
  -1.56366577317020     
 -6.751546808150848E-003
  0.803326406184857     
 -0.564509261345257     
  0.378554769157699     
  0.485039808203800     
   3.82942401882090     
 -1.628958212158264E-002
 -0.382534541868964     
 -1.552874959915980E-002
 -0.691639754836453     
  0.307322852602402     
 -5.381600017837574E-003
 -0.966421513746605     
  0.989434717319318     
 -0.739488782971695     
   1.18383310858028     
   1.77145082227143     
 -0.874795844256691     
 -0.581954136652495     
 -0.538966735680935     
  0.249768876867382     
  6.414340173170292E-002
 -4.881830314528742E-002
 -0.296108239898207     
  0.153302454039076     
  0.215776468329087     
  -2.00751015102517     
 -0.360675811074699     
  0.296343516755924     
 -5.021850656409207E-002
  5.948867857339521E-002
 -4.758506937961351E-002
  4.227113740795818E-002
  5.779277294760495E-002
  7.905339669508771E-002
 -0.178525303063753     
  3.401452192750280E-002
  -1.20843707151897     
  -1.43633914007914     
   1.80911182049468     
 -0.194705206940816     
  0.315920918081151     
 -0.118698418648131     
  0.136949582047589     
 -0.534998690398026     
  0.764393895233546     
 -0.939052205184087     
  0.877248691326629     
  -2.50158701371826     
   1.46316332225993     
  -2.97240317421659     
   3.07993035584790     
 -0.254650780495696     
  0.365238545471681     
 -0.654591943834998     
  0.409874708605740     
 -0.801672406521395     
 -0.936554504984123     
  0.658712717088409     
 -0.156930974667960     
  0.785781347053710     
  -1.28517449761841     
  -1.03649103995698     
 -0.121798099672702     
  0.208334182992464     
  0.118741165459196     
   2.26727252172701     
 -0.345334915188531     
 -0.381665242777143     
  -1.57759739157781     
  -1.21082999768842     
  0.339302822441701     
  0.228913998558603     
  0.454293901087133     
   2.54852475492778     
 -2.757024492034662E-002
  -2.07492492033516     
 -0.723287294740182     
  0.124404329915923     
  0.458026812575141     
 -0.288982974696039     
   3.59833514248329     
 -0.721524334383536     
 -0.823513334816585     
  0.430658587663991     
 -0.557489318943675     
  0.404231345147140     
 -0.223848471558710     
  8.758229436714374E-002
  0.705383904600342     
  0.363936332252747     
  0.827449879413230     
 -0.618579308211757     
   1.41699576003571     
  -1.13023739927479     
  0.640375809466118     
 -0.308464701377415     
  6.725831709504825E-002
  0.476678437336542     
  3.017630038803049E-002
 -0.376794040823605     
  0.345872181026549     
  2.914635849386044E-002
  -1.56302187062883     
   1.22787331939067     
  -2.72383849040672     
 -0.864182300608469     
  -1.49124850864038     
   1.49164191052772     
 -0.888136744452672     
   1.30793541113115     
 -0.450527318128210     
 -0.465160049657002     
  0.412676726074177     
   1.59024289497197     
 -0.610001402948510     
 -0.316958589911959     
  2.945162067851824E-003
   1.34745475890130     
  -1.58223514940813     
   1.36203509087034     
  -1.04599398412762     
  7.972136392860550E-002
 -0.337859789276571     
  0.155330127750415     
  0.785493406272733     
   1.43890117776650     
  -1.52615227847112     
  0.982553142759274     
 -0.453907883125246     
  5.454658437698812E-002
  0.232597129536417     
  4.670175590668175E-002
 -0.112276469764166     
  0.231954804334924     
  6.654871097802301E-003
 -0.585413301783463     
   3.07363067655585     
  0.582505493973363     
  -1.69941458642653     
 -0.325992000030361     
  0.185026125720037     
 -0.357203969291135     
  0.633863778197030     
  1.167257931262566E-002
 -0.298162951397175     
  0.356424105272867     
   2.05752563344248     
   2.92755830370744     
 -0.694405086856644     
  -4.63004878419010     
  0.743819610096446     
 -0.381708394765654     
  0.932484762979186     
  1.078833959743453E-002
  0.677552682023185     
 -0.868357303596946     
 -0.561140516598917     
  -4.88334014893597     
   4.80474585121184     
  -4.27112549959851     
   3.42326554164253     
  -2.19122387922726     
  0.747359058727207     
 -6.469018489011161E-004
  1.566977158844782E-002
 -0.323293731778063     
  0.175009109120220     
 -2.568997143048659E-002
  -5.25571808310183     
   3.28962171852669     
   3.60204492835501     
  0.640772212294780     
   1.57417055793291     
 -0.423164088486339     
  2.434854854509276E-002
 -0.513922495551139     
  0.419712789699457     
  6.628433420654575E-002
  0.297763121603425     
   1.04002398564284     
   5.81107718165640     
   2.88841605367156     
  -1.48757892971479     
 -0.941953682852758     
  0.823387712879781     
 -0.780160860310976     
  0.240633737112291     
  -1.95604419485523     
  0.585868669884252     
 -0.789772669251620     
 -0.582327178971580     
   4.69093980114233     
  -1.96451916803046     
  -1.32645683035015     
   1.49552759017266     
  -1.09932849353664     
   1.22715047449921     
 -0.208057907700142     
  0.764832815620639     
 -0.597529519436984     
  0.371595302050547     
  -3.15707330066218     
   2.25258186239822     
   2.43743877772398     
  -1.12746563143572     
   1.63654490569084     
  -1.81148936367047     
  0.530105978217102     
  -1.06900520968338     
   1.58231687659799     
  -1.26720208835453     
  0.140497252629937     
   1.28039656925569     
  -1.95910883480702     
 -0.947850550340008     
 -4.811673794394918E-002
   1.31317015882224     
 -0.841367046321717     
  0.183938928699964     
   1.21738078022269     
 -0.510632680018523     
  8.560465665100009E-002
 -0.571805158793628     
   3.22428557853552     
  -1.53196704871058     
   1.74891694285932     
  -1.99235154998806     
   2.35440489486398     
  -1.70515754106740     
   1.60661362001288     
 -1.889748868520223E-002
  -1.19085940376371     
  0.983458396183758     
 -0.222753931711679     
  0.317258804157513     
 -0.925043608831043     
   1.44698492628538     
  -1.15442333114774     
  0.900611156383785     
  -1.02547549067094     
  0.596186519940024     
 -0.624488093188144     
 -0.158928050420305     
  0.234966674217098     
 -0.206544645486743     
 -0.864114925493994     
 -0.475685280118756     
  0.473718710772013     
  0.943884911841010     
  -2.68905559943287     
   3.05431022816194     
  -3.31932316508684     
   2.44175552509838     
 -0.443128750506713     
 -0.114550631528500     
  0.397479820647802     
 -0.267375649473936     
   1.19608681849286     
 -0.526391478456258     
 -0.204823964311482     
  0.474907032956924     
 -0.222958598032238     
  0.185456249756077     
  8.654639753776182E-002
  0.200806723715535     
 -0.105020556911437     
  0.100406228184929     
  0.280347065423679     
   4.42824728903825     
  -1.91182389810321     
  0.644888689106704     
 -0.822989019683786     
  4.096217880663522E-002
  1.865138467630294E-002
 -0.341626688865763     
  0.796201037831330     
 -0.960480374005201     
  0.796782277759192     
   2.55457278144428     
 -0.776783031864882     
  5.338246745508923E-002
   1.19161212259451     
   1.74254367631414     
 -0.868005105151928     
  0.686808159613057     
 -0.805305219578155     
  8.239998532864314E-003
  -1.27024536794187     
 -0.855401045351453     
   1.37989605756970     
   3.48719465694675     
  -2.90117460877228     
  0.920043345141450     
  0.450696613605542     
 -0.847618923795149     
  0.851467605504062     
 -1.055304837453954E-002
 -0.587116943084575     
  0.283529060624068     
  8.440684414390465E-003
  0.607520074878262     
   3.29234112764439     
  0.745698873252371     
  -2.37379421118419     
  4.824889520954075E-002
 -0.486146616124083     
  6.184895396718635E-002
 -0.566263009231507     
   1.14297992521865     
 -0.406362641344031     
  0.259611040305983     
   2.47402841009745     
  -3.19174304737509     
  0.401056222985253     
   2.30632417480238     
 -0.575052869043736     
  0.425497167922759     
 -0.279652617827419     
 -0.578412025891426     
  0.232587428725884     
 -8.567622161545788E-002
  0.581072897728793     
   3.36230484906578     
  0.244412447231934     
  -2.01121381986608     
  0.942220058365376     
 -0.258613531400267     
  1.317999979834151E-002
 -3.968249604275067E-002
 -1.370438525312425E-002
  0.257316307700265     
 -0.217947143213956     
  2.686691816080809E-002
   2.07638140130567     
 -0.968258076890883     
  -4.99957197824908     
  0.596068144414629     
  -1.84304526937006     
  0.796666624557136     
 -0.556194322079583     
  0.966715291870853     
 -0.232820782532249     
 -0.132072321577945     
  4.450857139478492E-002
 -0.332643333281039     
  0.305636491966839     
   2.81419673439753     
 -0.736959540196337     
  -1.50401757796187     
   1.25882171802277     
 -0.492176312114219     
  0.151152620608352     
 -0.296994672172419     
 -0.678505382640954     
 -1.620127112596561E-002
   1.07044802766945     
   1.04236563864119     
  -1.94519635371655     
  0.915424823518539     
  0.312574451031900     
 -0.491916972639531     
  0.345818814432850     
 -2.778682263303447E-002
  6.466024078777979E-002
 -0.669571352797617     
  0.723920144713674     
  -2.03490144227907     
  0.605616445000861     
 -0.221275972947552     
  -1.62531519422602     
  0.746363225653071     
 -0.333029068072313     
  0.192727775025261     
  -1.12311731369516     
  0.771938787283626     
  0.268583760302187     
 -0.499084727097455     
   2.51383991454066     
  0.807668173774711     
 -0.873372815905474     
 -0.464776884691852     
   1.00090010257943     
 -0.570024172240397     
  0.644058769804479     
 -0.331729908882030     
  0.853029789978641     
  -1.22268693236165     
 -0.959981392256957     
   2.21644321254832     
 -0.474668398791139     
  -1.34075151129294     
   1.07609906240798     
 -0.233263208367351     
 -0.403057852011958     
  0.691605806338243     
 -3.333392347785412E-002
 -0.461779058128131     
  0.213744100537594     
  3.630007438240010E-003
 -0.434768567986236     
  -1.94036748374936     
   1.96901930222885     
  -1.70483386575676     
   1.36121513505565     
 -0.589162488093239     
  0.199849401185056     
 -0.517396268133296     
  0.564769854581884     
  9.712320006647472E-002
  2.722655831695767E-002
 -0.464261223124482     
   1.27306933426164     
  0.417001481722979     
 -0.450690105148708     
 -0.939768627148686     
  0.781703304695670     
 -0.914840417363004     
   1.62028579711893     
  0.462664270835313     
 -0.867730467043755     
 -0.396017562209254     
  -4.70196554602566     
   4.32386302513411     
  -2.04241718150824     
  0.830527057194470     
 -0.263225440587274     
 -8.410577932634916E-002
  0.191261436465290     
  6.540654419143259E-002
 -0.525697089661587     
  0.408911918565327     
 -0.145688485246596     
 -0.610764308359293     
   1.21518887772227     
  -3.30986831916084     
   1.91105448041975     
  -2.20642214239413     
   1.23097124124491     
 -0.749430923975351     
  0.951801499497608     
 -0.467445728657532     
  0.235456337738363     
  0.386817711511967     
  -2.12228493034234     
   1.97180716609648     
  0.100884460798499     
 -6.693597451402530E-002
 -0.336065659705795     
  0.581091058658228     
 -0.668121921092009     
  0.605625229738551     
  0.687436986060546     
 -0.691650318200937     
 -0.463510166002803     
 -0.396939006400324     
  1.009179074432475E-002
  -1.11687360615064     
   1.21387438457877     
 -0.911571140256973     
  0.271696914828893     
  0.286897032435112     
  2.171965198293012E-002
 -0.501163064513391     
  0.307763495426403     
 -3.790542525662761E-002
 -0.932141308412352     
  -1.00240717087325     
 -0.243155785426100     
  -1.05932506135656     
  0.434384238668019     
  0.196837879856748     
 -4.660972294253533E-002
 -0.138744948388806     
  0.357012839094585     
 -0.204105816291303     
  0.356753129252807     
 -0.536626529219428     
  0.127752043831000     
 -0.835737144285739     
  1.302319139973863E-002
  0.967245624063001     
 -0.610381728403399     
  0.513798749705242     
 -0.197015106543452     
 -0.394340762082536     
 -1.376288867559759E-002
  0.206737912391176     
  0.643922721764597     
 -0.913064909910483     
 -0.715856803686717     
   1.08078773533289     
  -1.04519063703825     
  0.802096731467257     
 -0.764589694041778     
  6.142803541536979E-002
  0.601069106405118     
 -0.517377999400828     
  0.197010380640730     
 -0.352070401624180     
 -0.235194799978981     
  0.613864513544253     
 -0.146312935577164     
  8.937748280811628E-002
 -8.411560271459664E-002
  0.113024208263446     
 -0.575361775394312     
  0.792077342445350     
 -0.797146216678276     
  0.682361020176511     
  -1.98004901071029     
  0.107650493731998     
   2.94332708131989     
 -0.786140139525756     
  0.228021286651915     
  -1.07520130826243     
  0.956292014558931     
  0.388851897919660     
  0.478629121918573     
 -0.554275706005686     
 -0.445651988357225     
   1.08501973984616     
  0.702485280358570     
  -1.41765965460699     
   1.46012798719380     
 -0.883108535480887     
  0.136677004882300     
  0.156618463447739     
 -3.361273988063720E-002
 -0.785076100058593     
  0.874946074031184     
 -0.346243281690104     
  0.756116918871219     
  -2.46298897014401     
  0.866228282276280     
  0.723801166791954     
  0.474565661482566     
 -0.553539944459754     
  0.188699033081727     
 -0.257351649525381     
 -0.351992845769493     
  0.879983871412620     
 -0.729233002891521     
   1.45145925895850     
 -0.375523516255671     
  -2.01977357274600     
  0.625574715363616     
   1.73315448476814     
  -1.21361940721514     
  0.892237207374399     
 -0.526699692678702     
 -0.653818491551164     
  0.420085468009426     
  0.638359716070455     
 -0.816415847735171     
 -0.536267490390820     
 -0.495468985658167     
   1.05828126905651     
  -1.40750681134198     
   1.21872295003057     
  -1.07652193555043     
  9.937872571454176E-002
  0.669948726922831     
 -0.430369631715481     
  0.110733649487322     
 -0.118876228023139     
  0.876501924330228     
 -0.995930346648650     
  0.895468028284025     
 -0.723974419246640     
  0.320924060275032     
 -2.142879102890335E-002
 -0.227952089657333     
  0.503589514722721     
 -0.873811227622559     
  0.789225469987547     
  -2.64579299869577     
  2.904222439597329E-002
 -0.141123166383323     
 -0.142107713381472     
  0.922555908919283     
 -0.816880851215910     
  0.315437293668576     
  0.589377567917492     
 -0.367046199971309     
  0.207621158625606     
 -0.563584828832999     
 -0.750595912583714     
  -1.46245451460896     
   2.64269042339088     
  -1.46299917253620     
  0.418830069949774     
  0.224701555232816     
 -0.512002070317748     
  1.755725186747741E-002
  0.174239289984759     
 -0.162264374479459     
  9.725833913811506E-002
  0.443229130351868     
   1.06340203467706     
  0.691093986640422     
   1.07313316595963     
  0.755810545120199     
 -0.634138114155491     
  0.589396007928181     
  -1.05281468534864     
  0.331814548656809     
  0.101761782143266     
 -0.296817601340925     
 
  -1.55322955810152     
 -0.699886760356490     
  0.254178774923792     
   1.62313787460699     
 -0.622797832353496     
  -1.15403756265200     
 -0.578738887786766     
  0.603880963666442     
  0.156103985931927     
  0.805877440495767     
  -1.56965522897578     
 -0.621540145675973     
  -1.46934631500925     
  -2.22330608455067     
 -0.244808655803812     
 -7.112224226733008E-002
 -0.111755694718606     
 -1.901307746150526E-002
  0.353047399851524     
 -0.152348775254446     
 
  -1.26342772762788     
 -3.494678756785630E-002
  0.278843055409110     
  0.447387631673225     
  0.448021197179363     
   1.77237932906720     
  0.730529632248906     
 -0.682849788695968     
 -0.384404988112252     
   1.60304550498986     
   2.47522499169489     
  6.877964170988266E-002
  -1.70823911263109     
  0.277872395104064     
  -1.16019837557085     
  0.130414554769489     
  0.254198901685191     
  -1.34200999822991     
 -0.652496649933625     
   2.97764845887282     
  -1.06043000956769     
 -0.921022916187294     
  -1.73949276525488     
 -1.893605732072197E-002
   1.55963392374470     
  -1.16787576588151     
  -3.49281329338817     
 -0.360789109805381     
   1.05951689403165     
   1.59217986527654     
 -0.765712221040282     
 -0.188958398335347     
  7.062228344439413E-002
   2.25345533338301     
  0.218647532812051     
 -0.634908359917879     
  0.616543487348008     
  -1.21504572394503     
  -1.28290694437082     
 -0.634091993348922     
   1.12006743043593     
   2.17573227960006     
   1.55245232146027     
 -0.121984365124835     
  0.299612357629471     
  2.156274075330571E-002
  0.359351211502687     
  0.171555018112975     
 -0.741887930028862     
  -2.07956564773889     
  0.129704108794092     
 -0.312425559128975     
 -0.384326035668402     
 -0.151478752873079     
  0.453598099674170     
   5.05942859159490     
  -2.32341240900466     
   1.31541798620968     
   1.03342826817955     
 -0.979158195282110     
  0.554050658595652     
   1.08830771494216     
   1.07999497480407     
  0.501329692154163     
  0.135679260022194     
 -0.301654766845727     
  0.689986664016623     
  0.714204914516995     
  -1.04536030927552     
 -2.778948437097889E-002
  0.301921678873392     
  0.470917144767530     
  0.164177167876368     
  0.682776239190553     
 -0.139558989912858     
   1.00998680467533     
  -1.10140453834032     
   1.03404392096418     
  0.967965359545906     
 -0.523008957083318     
  0.381607371711054     
 -0.890070574726775     
   1.01887944644320     
  0.786291684395702     
 -0.859107963828329     
  0.519052846896333     
   1.98700293703218     
   3.59627978788507     
   1.74372684205395     
 -0.100786199062313     
  0.654929303178072     
  -1.09720559262354     
  5.207193789476618E-002
   3.19716899905358     
  -3.78185410177028     
   1.19355329521960     
  -2.23592460982216     
  -1.11901574689904     
 -0.142018402709180     
  0.500969616526485     
 -0.822847918290352     
 -0.992174593600187     
  9.012962656096512E-004
   1.06579650934755     
 -6.641497617201025E-002
  0.379352400678480     
  0.195264424707802     
   1.11750024323650     
   1.30519771103980     
 -0.116708293869298     
   2.12830281547720     
  -1.50128170806884     
  -1.97124023492857     
  -1.48028519106796     
   2.07108798380414     
  0.363656320666067     
  -1.72295299652004     
  0.987608629253337     
 -0.900661141730517     
  0.640302363006574     
  -1.70943629565276     
  0.299694058109192     
   1.12348766052757     
 -0.346333277733494     
 -0.904690529457379     
   1.51251910941174     
  0.636888818247040     
   1.98500160899584     
  0.545783629762508     
  -1.96211980505347     
  0.547270905814227     
  -1.37969665393082     
 -0.811522509938810     
 -0.949803116806686     
  0.501438118388019     
  -2.44604438140714     
   3.14323358004745     
  -1.65989289224379     
  -1.97804846085702     
 -0.309545462033794     
  -1.73617898665860     
  -1.47040699258922     
   2.90448437826188     
  0.417853135075347     
 -0.513289858532495     
   1.97136438558658     
   1.16119244088738     
  -1.69406464414694     
  -1.76719269823611     
   1.91848220503032     
  -2.18537363341035     
  0.861419717596632     
   1.23544436646176     
 -0.662948624913520     
  -4.76942081906941     
  -1.07821078209638     
 -0.219595673088981     
   1.48135522737096     
  0.280326151449416     
  -1.09664351725433     
  -1.19531121104092     
  -1.15749275645333     
   3.58817038154348     
 -0.256747647623211     
  0.357099584233517     
 -0.970142539533989     
  -3.93157626347935     
  0.293665122393467     
 -0.334262051491771     
  -1.22343958776011     
  0.637221987882216     
  -2.67571184427223     
  0.305908697112569     
  -2.06280219549697     
 -0.139771874142063     
  -3.70408249513414     
  0.676266684339415     
 -0.519288687442891     
  6.901388753401212E-002
 -0.462790191578693     
 -0.283880146401065     
  0.236956036880508     
   2.50325437861322     
   2.66846747626367     
  0.651591960383418     
  -1.78463207133194     
  -2.59216759374229     
  -2.10638548302000     
  0.372175683997501     
   1.77409850381337     
  0.511753098944813     
  0.325905667834548     
  0.170070936922225     
  -3.21372884781132     
 -0.822482162155536     
   1.84749873574891     
 -0.435347792197793     
   1.57718895161828     
 -0.115250130435237     
  0.224024008567722     
  0.869194353168874     
  -2.55894458088725     
 -0.536744469586425     
   2.82403498148866     
  0.121043737134698     
 -0.174433460955042     
  0.156881013857473     
  -2.50693590159982     
   4.01748769217183     
 -0.683992404827657     
  0.487958930651433     
  -1.68103924759388     
  0.315061226363491     
  0.217662353227554     
  -3.59683785308945     
  0.168602018653317     
  -6.59567397583377     
 -0.608274571871745     
   2.40285741621730     
   1.40138009135651     
   1.41384831032780     
  0.497050606803137     
   2.50836163286006     
  0.219556658296226     
  0.520042562344699     
  -1.56535932531134     
   2.20588901850969     
  7.078167137106003E-003
  8.330989225510289E-002
   2.80445133218931     
 -2.854093935066782E-002
 -0.758347349255550     
 -0.390154325298387     
  0.632411822067763     
  -1.99796375353780     
  0.468183538810172     
   1.74048095661821     
   3.90274280644842     
  -2.99063539613342     
 -0.917360581871006     
 -0.325054838735521     
  0.275831322322993     
 -0.405659094125452     
  0.881718822376797     
 -0.475896432462417     
   1.29074404918907     
   1.94377399944953     
   1.76798940428639     
 -0.444291263999094     
 -0.620514809265177     
  8.169017546476049E-003
  0.456298495407286     
 -0.440023950224878     
  -2.63834861291657     
 -0.609649642102031     
   1.33856555123925     
   2.83576394323207     
 -0.256296166554698     
  -1.35189718454608     
  0.431048636341945     
  -1.47187689864240     
 -0.538825450014897     
   1.06781687904757     
  -1.07389446070567     
  -1.49556025882729     
   2.13243801632215     
   4.95844845188619     
   5.14736932921732     
 -0.239216740919023     
  -2.36109069599698     
  0.450692295379811     
 -0.165436477628612     
  0.424171152541521     
 -0.690333610551791     
  -1.31108319705856     
  -1.91858954418822     
  -4.26670495533345     
  -1.77716694479893     
   3.07542452048774     
  4.291411076592958E-002
 -0.875868331441252     
 -0.939098533754398     
   1.05556751159053     
  0.847930530550677     
 -0.606866814638628     
   2.24260246802659     
 -0.182079651435307     
  0.391150174005232     
  4.108282690796074E-002
  -1.83607876820530     
 -0.429937974314381     
   2.08203339382388     
  0.412054880370323     
 -0.890295162032610     
  -1.93706695930938     
 -0.994779922576783     
  0.592443944115041     
  0.282297035622818     
  -1.09124432566833     
   1.07891714039671     
  0.407020286095105     
 -0.588944171128007     
   2.65630146514154     
  0.201404288515484     
 -0.572105754258817     
  0.772918830758245     
  -1.19631707733251     
  0.479852511279243     
 -6.235603724364295E-002
  0.914938341143649     
 -1.426030092683687E-002
  0.974598391635870     
  0.286445701437890     
 -0.576439614571459     
   2.19931720903922     
  -2.06752474759036     
   1.30968393334728     
  0.280506747711810     
 -0.161792792280518     
   1.33704998237621     
  0.114418590111199     
 -5.167056048098022E-004
 -0.277923380381760     
 -0.151047243940165     
 -4.984620605338713E-003
  0.518358673536990     
  0.740456921141944     
  0.247382725332222     
 -0.350921619652067     
  -1.28119999683705     
  0.543738275886838     
  -2.94445302889025     
  2.004570201345253E-002
  0.105850421191941     
 -0.553845880533066     
  -2.96342189852141     
  5.139820122154264E-002
 -0.644573118980403     
  0.774693467940110     
  -2.04198747990187     
  0.887234575810344     
 -0.345060140783020     
  -1.41113760081100     
 -0.503452637348171     
   1.29577645746129     
  5.021194725095112E-003
  -1.62656958230017     
  -2.37208760938634     
   1.73362235200008     
  -1.80548563955832     
 -0.538668139609930     
  0.406798388109193     
  0.768096347832958     
  -1.30828018786374     
  -1.72799134448922     
   1.29135405537200     
 -4.535632253330284E-002
   1.75630267113539     
   1.26806621530139     
  4.100549880457391E-002
  0.907647675981819     
  0.250713498169563     
  0.168533394022393     
 -0.766244391606136     
  0.231001511565174     
  -1.31354855509010     
  -1.87860222281758     
  -3.10105003061922     
  0.549917900173682     
  0.563540501190919     
 -0.121321965330206     
  0.138631826474655     
  0.295849587905156     
   2.80519155840097     
   2.11471832142473     
  -1.48846028369587     
  -3.87900293646626     
 -2.328420634460388E-002
   2.23630986428788     
 -0.715883272018098     
   2.29374196815740     
 -0.692695244104576     
 -0.109470276739266     
 -0.853884581511562     
   1.54715733575779     
   2.59309720458983     
  -4.04307470923967     
 -0.395739525019413     
  0.162245443415468     
  0.254213329352795     
 -0.389160151168480     
   1.15533122659630     
 -0.613265299279495     
  0.694707524095411     
   4.28396686348914     
 -0.303082703086296     
   2.97120713822781     
   3.41695929383256     
   1.01166427759690     
  0.204364361296012     
 
  -1.70480995642783     
  -1.82355809011264     
   3.74320810010662     
  0.677036090238394     
   1.14710288994835     
  -1.45313608257132     
  -2.13203538394108     
 -0.480830732765898     
  -2.59118140738087     
  -3.53269398323687     
  0.900209009291828     
  -2.64438734660218     
   1.49226350816829     
 -0.385144049735229     
 -0.606064077057279     
  0.388907265199223     
  -1.09211532860610     
 -0.372124211023544     
  -1.05293671162708     
   1.09530649812328     
 
  0.178666944181510     
  0.564636826808321     
  0.254843722128162     
   1.08063924921617     
  0.405171959225443     
  9.866852874665699E-002
  -2.35934079192717     
  6.462605729972071E-002
  0.385104243200960     
 -0.623088599217131     
  0.627026609176563     
 -0.203547679151782     
 -0.740613958420607     
 -0.553935973428603     
 -0.156129339123937     
  0.293968318007432     
   5.13525326290648     
 -0.137077251625365     
   1.60680862099341     
  7.358216741030760E-002
 
  -156.358166935729     
 
  tansig  tansig 
