     33 -    20 -    20 -     1 
rmse= 310.8325meV
  0.146485976416567     
  0.738298917136667     
 -2.156391618086930E-002
 -0.803193081142449     
  0.689207429985408     
   1.19069601697195     
 -0.490905444388661     
  0.670978301017084     
 -0.214295068871294     
 -0.176800076593162     
 -0.117170389836003     
 -0.384100105754469     
  0.359427714389244     
 -0.465036117066508     
  7.420064566741720E-002
  0.360264750466363     
 -0.896960888366989     
   1.02684501435377     
 -0.802572327045974     
  0.289848678799516     
 -0.125184273493780     
  8.200001456637775E-003
  0.120917502670973     
  0.348540731954603     
  -1.28993275739819     
   1.55835553057047     
  -1.58985123039156     
   1.42486288136227     
  0.338129898859500     
 -0.135039414767779     
 -0.388410456901004     
  0.571042594849961     
 -0.358720044047773     
  -3.15313622629142     
   1.36469486748915     
  0.188035963288726     
 -0.524158026990693     
  0.307573831805693     
  -2.29467493420567     
  1.040742563734225E-002
  9.697574588761146E-002
  0.554372839571275     
 -0.169696363874054     
  0.285891514844918     
  0.302521468531614     
  0.207528657068185     
  8.197330583370489E-002
  1.102275542940186E-002
 -9.318610008219733E-002
 -0.103991971698123     
  0.728413349743979     
  -1.39079886789250     
  0.642216138435681     
 -0.359944031620945     
 -3.423774946019557E-003
 -0.375831232924121     
  0.918983051323460     
 -0.588675237871538     
  4.823738802795711E-002
  0.464229351901476     
  -1.74988149210555     
  0.249374472078211     
 -0.153632278564256     
  0.227105902638115     
 -1.684722172097597E-003
 -9.011526484375729E-002
 -0.155664697912380     
 -0.284576829919276     
  0.710466877436968     
  0.208659032588853     
  -2.24991647411172     
  -1.40934470713419     
  5.252085557857609E-002
  3.569690323590976E-002
  0.255275724643679     
  0.111657502452564     
 -0.547613804363747     
 -0.213484348278111     
  7.719171462163858E-002
  0.150473784455241     
 -0.123828060180251     
  0.461915084445202     
  -1.04370226355754     
   1.16994912657119     
 -4.275668043544109E-002
 -0.521005809739375     
  0.537579019478415     
 -3.659813061858201E-002
 -4.274714141938549E-002
 -0.469988175191923     
   1.01632805921666     
  -1.62389761572614     
   1.99717112622770     
 -0.224390809847685     
  -1.18355065435417     
  0.110617446893342     
  0.832700204842026     
  -1.11360877568183     
  0.875798642906674     
  -2.29958404133548     
  0.777514751374333     
  -2.12848873967752     
  -2.17392287633540     
   1.19468862122921     
  0.804508070045317     
  0.795493435358325     
 -0.441622109873780     
  0.602954416249064     
  7.565038716848993E-003
  0.387208492532417     
   3.75327823363601     
  -2.77938358276115     
   1.10790255502625     
 -0.640286813182798     
  0.892841053225109     
 -0.363193075657301     
 -0.476894230557238     
  0.478266563077845     
  0.173942991352408     
 -0.592820325359588     
  0.163845371165963     
  -1.60748304142854     
   1.10101414545245     
 -1.359764269496764E-002
  0.210980261076820     
 -0.445544774178459     
 -0.842145698905488     
  0.280085600412103     
  0.156719112326384     
 -0.475445170286206     
  0.487398059088603     
 -0.504589378067916     
 -0.438184514685262     
 -0.220001004552635     
   3.09513064280269     
  -3.12123308684393     
  0.995879333397009     
  -1.35595409700748     
  -1.70909348259557     
  0.955963580142956     
  0.202334238472059     
 -0.202901579384655     
 -0.711346703357694     
   1.05441134582200     
  -2.49248744633178     
   1.89298733370390     
  -1.51372063421817     
   1.82146255308280     
 -0.570555035311741     
 -0.671410981959645     
  0.809434686914759     
 -0.483873479758044     
 -0.256679763071188     
  1.970690129585272E-002
 -0.453701285137574     
   1.11410202128296     
  -3.64271164213847     
   2.00165578606804     
 -9.043853094765603E-002
  0.444849894609180     
 -0.319698841957614     
  5.264528881923021E-002
  0.328109580970510     
 -0.291188622771031     
  0.139664384144654     
  -2.60742684070899     
   1.77835588506095     
  -3.00650907601864     
  0.383679437304152     
   1.17838338059948     
  -1.87140168240741     
 -0.341154307799501     
  6.182984245739069E-002
  -1.29364707665792     
  0.365024268349370     
  8.858165427505776E-002
  -1.26048410336004     
 -0.815682791928344     
  0.429975294366892     
 -0.295906347824012     
  0.321209706695078     
 -3.177883923679566E-002
 -6.703148806876320E-002
  9.676674952639996E-002
 -3.460135155956293E-002
  0.154056980741438     
 -3.227022648239640E-002
 -1.496283273208636E-002
  0.215848541569633     
 -0.728349211228062     
  0.994233418980436     
 -0.857843806036494     
 -0.846114610087096     
  0.664429801168228     
  0.178469573451338     
 -0.975808582416805     
  0.652666845978399     
 -0.540804777440741     
   1.16932554123632     
  -1.87748415853309     
   3.59352992950500     
  0.261721936629117     
  -1.52267549101178     
  -1.09045011772932     
  0.177214995605056     
  0.574131290249074     
 -0.292060752325185     
 -0.883483882432136     
  -1.83756254474645     
  0.880102874842453     
  0.967680626745634     
  -1.69790972735059     
  0.346154813940490     
 -3.205685781115741E-002
  0.221352980877549     
  0.282790390881881     
 -0.748479346843630     
 -0.750141857585033     
 -0.149141460146975     
  0.449321521374150     
  -3.22238888066805     
   4.03102972514156     
  -1.62131548645079     
 -0.864616582925789     
  0.301656131220252     
   1.76014835291828     
 -0.511331491987702     
  0.348293648195606     
  0.325513320240592     
  0.357072696698475     
 -4.606080679996832E-002
 -0.991841689952898     
  -1.56449330260165     
 -0.451383505529117     
  -1.58823004343109     
  0.366492764336357     
  0.347181344720424     
  -1.19551621746926     
  -1.02178560880850     
 -0.928100495616885     
  0.846724218110363     
   1.44524644505358     
   1.74987751001499     
 -0.990966888827917     
  0.149106416742962     
  0.442519071633621     
  -1.36138494361850     
  0.506228283834347     
  0.737189794499514     
 -0.189132213059548     
 -0.942792038536112     
 -0.912953968678701     
  0.249775463916391     
  -3.15590166992572     
  0.209025472115000     
   1.30758159554467     
  -1.21666117847365     
 -0.263638456605371     
   1.03252028238078     
  0.968976206226398     
  0.204621826638081     
  -1.02054211663442     
  0.312878501354269     
 -0.833120147584195     
 -0.100689968106072     
 -0.509383818233042     
   1.16646232805100     
   1.07031953453352     
 -0.647930574105140     
  0.849031199733407     
  0.104283018317490     
 -0.474890436138397     
 -0.286938174299215     
 -8.893697562631891E-002
  8.769229605861970E-002
 -0.819610858681682     
  0.664015651541143     
 -0.455488438660360     
  0.628266486629424     
  -1.25158797896140     
   1.16340177305106     
 -0.174165634893490     
 -0.798455275797149     
  0.517100540055947     
 -0.550249408758275     
 -3.100052071724526E-002
 -1.728990138990641E-002
  -1.12763165078313     
   1.10725466421820     
  -1.04452454055407     
  0.888688696930459     
  0.393366339625593     
 -0.339247324678868     
  0.130440798876937     
  0.325329756741432     
 -0.203588920201201     
  0.125162860111292     
  -1.94150715742008     
   2.12634500340374     
  -1.31708563190118     
  -2.29423954843767     
 -0.113595811325100     
 -0.624053147656447     
  0.977639840856719     
 -0.481575747163561     
  0.430250910962784     
  0.375990214142930     
 -4.389120035634934E-002
  0.972139727550757     
  -1.15180222155790     
  0.986022999790784     
 -0.601355999085046     
  0.783757867119129     
 -0.523069485703835     
  0.115969860872584     
  0.284945590935502     
 -7.702149391931690E-002
  6.041536679772011E-002
  0.124244449907229     
 -0.391885429060160     
  0.278292071699184     
   1.07738725721774     
  -1.18679527497172     
   1.19317072687948     
  -1.57737830686893     
 -0.680831387932188     
  0.327041618309207     
  3.635873765283634E-002
 -0.521525942125349     
  0.302099132883515     
   2.50606544946655     
   2.14195131360999     
  -2.10673850306903     
  0.763990371102479     
  0.796488969300638     
  0.944979883592619     
 -0.735003924340306     
  0.558332068788371     
  0.607340121232375     
 -0.771978875618548     
  0.399474794107431     
  0.749544056250350     
  2.841805314110112E-003
 -0.580974669676969     
  0.501991982772339     
 -0.481626183713793     
 -7.332369811135932E-002
  0.743309774479324     
 -0.540576047104525     
 -0.129902741722338     
 -9.075973730042878E-003
 -2.661811838820355E-002
   1.60711097557343     
 -0.168791896374025     
 -0.992147348614813     
   1.44554091012762     
  -1.44358115808628     
 -0.208773937749960     
   1.15945109927370     
 -0.349399054242705     
 -1.436617226748019E-002
  0.726326754937685     
 -0.429514792015344     
 -0.367798440413229     
 -0.567596672475613     
  -2.91855705691692     
  -2.23988181840956     
 -0.658330706690002     
   1.30275136726242     
 -0.176949597997155     
 -0.198833976292339     
  -1.14697514637841     
 -9.865869946325842E-003
 -0.775887057785796     
  0.727729856476863     
  -1.41407003952884     
  0.262582456304023     
  0.452146953173771     
  -1.34734952572821     
   1.54197469702467     
 -0.363875683325866     
 -0.769064576296310     
  0.359661722271707     
 -0.255903051694619     
  4.791746592549349E-002
 -0.824448849125162     
  0.132999950417253     
 -0.567824713779901     
 -0.206906675934816     
  0.927046365293509     
  0.289950001753905     
  -1.03541037941577     
  0.582124976424147     
  0.388430294584981     
 -0.761385502134475     
  0.731878870130188     
   1.32488114488256     
   1.77769611854832     
  0.137939670734595     
   1.23649832616295     
 -0.783898133725313     
  0.397750220136799     
  5.500918196576102E-002
  0.853845239970811     
   1.48898125197423     
 -0.224947993234263     
 -0.350173556813214     
 -0.463476997980793     
   4.33099065335679     
  -2.77133601350277     
  0.996386571072225     
 -0.259727077523261     
 -0.651674009541477     
  0.111420822448581     
  0.120060887622111     
  0.173914474405688     
 -0.297610716816092     
  4.457877491198764E-002
  0.735238034995423     
   2.78096356777035     
  -4.26705112334303     
   3.85817863381867     
  -3.05389013148162     
 -0.759309724164236     
   1.59435364256692     
 -0.996830222746907     
  0.140224717323130     
  0.299192085192932     
  0.117324171577243     
   2.07739786403603     
   1.78253809342814     
  0.967087243690694     
   1.21472921125903     
   1.00324439121172     
   1.63947272984960     
 -0.484800454127112     
   2.12561135141872     
 -0.707741520824710     
 -0.571968438721631     
  0.624165913899109     
   1.56447394375336     
   3.28229990139912     
  0.373585152370790     
  0.204331230406959     
 -0.231132257090734     
 -0.621692544626988     
  0.846280900755338     
  0.337914651707051     
 -0.147197691125463     
  0.656586834781538     
 -0.280025580734673     
   3.01004628508407     
 -0.851009138779456     
  0.709586349825040     
  0.792868480580686     
  -1.07631607656859     
  -1.58253510528724     
 -0.764425932676412     
 -0.254516321482023     
  0.205063094438560     
  0.177917342498583     
 -0.122700514145435     
   1.29193861999073     
  -1.11263782580134     
  0.712126561559901     
  -3.59518901529326     
   1.50285381758924     
 -9.512374879508671E-002
 -0.512607966063066     
 -4.770781917997092E-002
 -0.231445800113726     
 -0.202817741183530     
   1.02575594117154     
 -0.999716622356170     
  -1.18719139154953     
   1.62592173869089     
 -0.741544908404969     
  0.194161093597389     
   1.11325188145300     
  -1.11232749933858     
  6.141389554187399E-002
  0.713129347112016     
 -0.325432605380946     
  5.491229726577980E-002
 -0.951699607274683     
 -4.249741209609213E-002
   1.36354798078862     
 -0.823943469853087     
  0.237781247301674     
  0.485223920837986     
  0.154813569008536     
  0.217240563118877     
 -0.462023175063072     
  0.564812728884262     
 -0.659125776373427     
   3.50515434677425     
  -4.23497957804384     
 -0.287739346530101     
   1.79085438238896     
  0.662295047586387     
   1.74058671920207     
  0.953352129007145     
 -0.193500688005312     
 -0.319531038752298     
   1.59572428380881     
  0.453866683076952     
  -1.47277592827504     
 -0.207562352747114     
   4.53672570498766     
  -1.30775268283651     
   1.04928516510227     
  -1.64469084165038     
  0.331315831557429     
 -0.214222861312036     
  0.722226407905124     
 -0.468312529053998     
  -2.31665828783126     
   4.21858248985346     
 -0.370861063432285     
 -0.808892643202291     
   1.02910770004574     
 -0.613908948135671     
 -0.468224124864377     
 -0.908208596488860     
  -2.66771006463861     
   1.67261707882846     
  3.536875784410388E-002
  -2.18548496474735     
  -1.27815748325119     
  0.343880875221055     
  0.150275813791812     
 -0.236581396129628     
  0.882480533049076     
  0.201645765240079     
 -0.395118930948294     
  0.456936572442980     
 -0.143838931236061     
 -9.621977100122191E-002
  5.526155161373343E-002
 -0.204116378307581     
  0.379188185182108     
 -0.345692945005019     
  0.133141330788941     
 -0.120205496691097     
  0.150547705737553     
 -0.200679976877016     
  0.136593516048583     
 -5.185037939955579E-002
  0.106624884277510     
 -1.211803553500087E-002
  0.556825533821546     
  0.191912469245667     
 -0.888482332550828     
   1.07148799148023     
 -0.911980659894674     
 -0.695199748208524     
  0.702780962200156     
 -0.160440011289647     
 -0.407928275476084     
  0.530160687486783     
 -0.355761322179653     
 -0.882825217470468     
  -2.64466342829347     
  -4.54657606349187     
   2.20803823217760     
  -1.15358426705531     
 -1.815446099874395E-003
  0.957344841938824     
  -1.15840013961743     
 -6.389720162564683E-002
  0.171745127968497     
  0.318349300851804     
  0.237892549511025     
  -1.82441844919899     
  0.491699886219863     
  0.163087878310565     
 -0.625687476692322     
  0.803175482115083     
 -0.369652544814725     
 -0.506547242576045     
  0.568101956929913     
  -1.35294852225354     
  0.205849559925555     
 -0.133377077991346     
  -1.12407700717016     
   1.43405414712964     
 -0.750431097332143     
  0.286203984172189     
  -1.28362411411477     
  0.450008838363603     
  0.178755181867511     
 -0.127495670270885     
 -4.231451880907792E-002
 -1.504885696487268E-002
  -1.08349371231478     
   4.25589563508308     
 -0.382704933733613     
  -1.39031553833317     
   1.06914378835083     
  0.173234217427135     
  -2.52921256145965     
  -1.23069452080794     
  6.656124944924860E-002
   1.44470169097038     
  0.483777633764606     
  0.765768490770446     
  0.905449638549691     
  -2.19903799600722     
   1.71058575094822     
  -1.48626515234474     
 -0.283036021967017     
  0.887828787082342     
  0.418963456645419     
 -0.348543584486096     
  0.900319642447483     
  0.213525168011143     
  -2.85160162464807     
  -3.69986883878924     
   2.08297512252647     
 -0.354795614544505     
  0.644792414708539     
  8.885757951514019E-002
 -0.630785165918778     
  0.972273912819534     
   1.40335959522125     
  -1.56955406083466     
   1.00825626736758     
 -0.684343845103118     
   1.23602772974130     
 -0.347948533647791     
 -0.229462080659859     
  0.476315233788430     
   2.35740933865277     
 -6.663372879123471E-002
  0.311925718893376     
  0.687257094909652     
 -0.238446419727435     
 -9.561460177136788E-002
   3.31585335479588     
 -0.362930089421395     
 -0.226377386120275     
  8.136091051083517E-002
  7.373987924363962E-002
 -0.242946754159502     
 -7.003876835824939E-002
  0.650079180532235     
 -0.488462190616188     
  0.352312280453764     
  3.201114680807265E-002
   1.12177239555124     
 -0.156313946141292     
 -0.372630480823774     
  0.762704464286000     
  -1.06156260996619     
   1.05456672922975     
  0.217536130870390     
 -0.208080786993858     
  0.121503142912303     
  4.630466911640230E-002
  0.108827978221746     
 
  0.218026319232227     
 -0.762281337514748     
 -0.207466666354129     
   1.17700384778618     
 -0.199652875011358     
 -4.757411561851613E-002
  -1.42883223067815     
 -0.228105580227760     
 -0.320084855230858     
 -0.389329694761153     
 -0.443888940927994     
  0.220135708773062     
  -1.23758313657780     
  -2.01552795690293     
 -0.586445353836950     
  -1.43543288201080     
 -0.584557171305175     
  0.340321478288661     
  0.858482702284993     
 -0.742570424157274     
 
  -3.15269832512130     
 -0.400042570327156     
  0.395205762253047     
   2.04162528031147     
  -2.90711271920012     
   3.28582165610060     
   1.34280821117689     
   3.21186909392737     
  0.837997021277935     
  -2.33456345209244     
  0.230915576807871     
  0.259354771709710     
 -3.290910507050727E-002
 -0.453126195024162     
  0.391697344483372     
  0.178484084464667     
 -0.900362154956824     
  -2.78590233572009     
  0.720358176307429     
 -0.830358580540079     
 -0.531539247941259     
   2.13360352320224     
  -2.93641239882898     
  0.625161474042378     
  -2.67482443511034     
  0.740223448552083     
  -1.03861825082782     
   1.79006661615221     
  -1.16026902218702     
  -1.43868951406242     
  -1.56748548236110     
  0.689475721928656     
   2.00958331439219     
  0.888326547935755     
 -0.357400705437713     
  0.869524813055067     
  -1.12281891629374     
  -1.42030287819101     
  0.217398371778113     
  0.440832655286679     
  -1.47138112359681     
  0.566757257592572     
  0.930561146753724     
  0.545466412206098     
  0.562738918796185     
  0.833819481361164     
 -0.428854827603095     
  -1.17043753530807     
   1.43560873034670     
 -7.362530258585689E-002
   1.74446333403580     
 -0.524848590647609     
 -0.420167540081637     
  -1.23722294341529     
 -0.417621967858663     
  0.238025403552739     
 -0.425150032446397     
 -0.328932350451031     
 -0.274257612531381     
  -1.86012241935407     
  -1.90773135700002     
  0.969604808138756     
   1.24859353549012     
  0.311097432972620     
  0.911192599139988     
  0.133320958736727     
  -1.59502616926610     
  -1.38364554793233     
   2.27236200229342     
  0.347358419262772     
  0.961853188175602     
 -0.992964235649388     
  -2.65291592518977     
  -1.08329837768808     
  -2.92970019518575     
  -2.51809864313300     
 -0.368761766602153     
 -0.299599670911399     
  0.176525710846415     
  -3.82898270276266     
  0.337320137573724     
  -1.72080989783887     
  -2.11705079536882     
  -1.10047355489272     
  0.344735918268482     
  -1.79897317747019     
  7.284483876386709E-003
   3.06165733985776     
 -0.913895956553197     
  0.917157802948252     
   2.93079946154153     
  -1.00447990364869     
 -0.279676417847092     
 -0.217727351754643     
 -0.417872940213016     
  0.351864001491473     
  -1.85745658105801     
 -0.517846839187191     
 -0.216268732561472     
  -2.92488232108902     
  0.211107308933671     
  0.139312580299457     
 -0.347331414937289     
  4.545661194196159E-002
  0.117923708489670     
  0.246990735402603     
  0.102257338872202     
   1.00695045024297     
 -0.249687699815704     
 -0.226749610757569     
  2.395059007598217E-002
 -0.151243507546103     
 -9.978643718811733E-002
  0.190529795834901     
 -0.320652182324599     
  0.193467409444659     
  -2.39015689567530     
 -0.266688814461412     
 -0.250055673623912     
  6.687349196315291E-002
  4.780999963559239E-002
  -1.90113092445145     
  0.148536293729481     
  -1.19035786070822     
   1.57559751297644     
  -2.15251614449626     
 -0.575735433543978     
 -0.389122457398761     
  0.474124451324556     
  0.953758480991370     
  0.236525376605782     
  -2.25302579993166     
 -0.462858843828095     
 -0.811635776923492     
 -0.838668077660954     
 -0.836640313519544     
   3.55121427410736     
  3.161967214989332E-002
 -0.323921824286461     
  -1.05131268083736     
 -4.264434070680070E-002
  -2.00739117900739     
  0.797588193540396     
  9.269905452713892E-002
   1.02979180133471     
  -2.65308153612477     
  -1.69733867425186     
 -0.583473308549012     
   1.46956518416961     
  0.631348600119643     
   1.20268820401097     
   2.06966086519782     
  0.467839171329037     
   2.54022777308153     
  -4.02821204854899     
   2.14951932191627     
   2.08235174155769     
   4.60429229018510     
  0.542446031012193     
  -4.03510911575990     
 -0.548276594341107     
   2.08685313068690     
  -2.29219199977937     
 -0.901032097149884     
 -0.145209888257804     
  -1.53201297961582     
 -0.841710493141222     
 -0.249308020058794     
  -1.27455693997781     
  0.830231344085147     
 -0.829832341159440     
  -1.08773905127123     
  -1.28634889772798     
  0.427113632926275     
  0.813162068136124     
   1.25507503997593     
  7.042485663690537E-002
 -0.477466143091709     
 -0.690175513455885     
  0.412407071868974     
 -0.214710857086756     
 -0.984430827502003     
 -0.777373296894463     
  -1.10163503410353     
  0.459235825044244     
  0.580648921387412     
 -0.682838562081346     
  -1.62504059880984     
 -0.446942882094745     
   3.74806874810924     
 -0.653609391135253     
 -0.871150048261655     
  0.396534613397573     
  0.913406937190915     
 -0.716253656314933     
  0.705431445516590     
  0.624090051257881     
 -0.126496586282853     
   1.77536013336825     
 -1.554992315111435E-003
   1.25022540077154     
  0.466680820489672     
  0.890421750110841     
  0.526216464865019     
 -0.196736667453126     
 -0.468279392675353     
  -1.85220960607331     
 -0.512042130268193     
   1.08555615269368     
  0.740356530913999     
  -1.01232373972026     
  0.906121553909842     
  -1.05589352962757     
  0.863638517905080     
 -0.783669313222036     
  -1.35145848599981     
   3.04683705957517     
  0.372202016868991     
 -0.761710559804181     
  -1.05589105149577     
  -1.44949323029912     
   2.22006323421454     
  -2.30228727157024     
  -1.58729202735145     
  0.709313496066562     
 -0.301690905135135     
  0.875178757732641     
  -2.05823896795818     
  -4.09484066908774     
  0.265085335668552     
   1.03346824056441     
  -1.84113690223783     
  -2.66297038348293     
   1.44181341263006     
  -1.54427751860858     
   1.40016620276132     
  0.889565834409023     
   4.37978265894734     
  -1.45474992083407     
  0.612950398199472     
  -1.37339082175075     
   1.69727477335204     
  0.368685819932131     
   1.40420418636343     
   1.52075334187841     
 -0.773555538550332     
 -0.706548067196124     
  -1.49585346863973     
 -0.583954279748900     
 -0.871618611962257     
  -2.39163106182123     
  -1.04367671478305     
  0.327756826430937     
  0.713762879958146     
  0.319241502041165     
 -0.485935557431868     
  0.412157125466592     
   3.80118021533193     
  0.436221595755040     
   1.01179531756722     
  -2.32241618519540     
  -1.24252301264944     
 -4.104205021810096E-002
 -3.767090803750650E-002
 -0.200924881375777     
 -0.866711026815177     
   1.34203199954872     
 -0.660552849456760     
  -1.14857670565506     
 -0.368101496676665     
  0.353370758854378     
 -0.852035179357736     
 -0.642308249841940     
  0.104023217172334     
  -1.26559860017835     
  0.625633797994014     
   1.47140114985318     
   3.14065155268466     
 -0.115186785934505     
 -0.627399495469961     
 -6.775992857953053E-002
 -0.974359924290992     
  0.829407865652668     
 -0.399970616100201     
 -2.077538622348728E-002
  -1.99990356928536     
 -0.712457336638379     
  0.436112300230597     
  0.291303578868953     
  0.876101912880233     
   2.03669430165679     
 -0.774928590766188     
  0.347298307839633     
 -0.734036385668498     
  0.672297463470600     
 -0.991658062745393     
   5.13717751266233     
   1.65505187148652     
 -0.231844725276164     
  -3.38430976889988     
   1.12910284046025     
   1.31313756133131     
 -0.977809452919790     
 -0.943797132414874     
   1.75876690190499     
 -0.346882548658364     
 -0.411516350631384     
   2.14890862707916     
  -3.43974029736573     
  1.559117705765729E-003
  0.770890068193273     
 -0.128910433097480     
   3.27965304922199     
 -0.427898637352545     
  -5.68067537917960     
   1.08752242221412     
   3.11151214778089     
   1.10557053189417     
  -1.41776217287939     
  -1.50133722769730     
  -1.96291487565500     
 -0.790148410417486     
   1.15755078553365     
  0.255341714346758     
  2.556315061973935E-002
 -0.340183451033406     
   1.10581370894149     
  -1.13507668795024     
  0.433400407218719     
 -6.066587313768776E-002
  -1.26651189883936     
 -0.191752701919789     
   1.24114961680206     
  -1.07862636306844     
 -0.491978815309784     
 -0.137936657306853     
   2.81447944189769     
 -0.602691197457502     
  0.547827586823025     
 -0.807665607269432     
  0.586538396398244     
 -0.180318124585483     
  -3.26181978083105     
  0.258488865553443     
   1.63580024372202     
 -0.615327377996774     
 -0.604513729079262     
   2.17026190072772     
  0.919641884279237     
 -0.570758333050586     
 -0.567608410873518     
  -3.76756307855147     
 -0.750630601896086     
 -0.743186773925170     
  -1.00285770709162     
  0.761771381730560     
   1.13915723069497     
 -0.777948107974943     
  0.208506250360359     
  0.875524850239367     
   4.23526382448309     
   2.22858616738128     
 -0.312533894822187     
 -0.109281978341662     
  0.763219193799601     
 -0.860413716745425     
 -0.955311195278894     
  0.390177415655996     
  -1.32717919705210     
 -0.976858916147008     
  -1.49227409278914     
  0.843401114445504     
   1.03486706692167     
  0.292000725194884     
   1.30433856490648     
   2.41068572774860     
 -0.912153059166615     
  -3.34950316298851     
 -0.456551721095719     
  -1.82652868444507     
  0.917744262340087     
   1.97251266244563     
   1.58317332497568     
 -0.193656838818942     
 -0.712546825454129     
  0.504303256458026     
  0.234523130723621     
   2.09587695072737     
  -2.18266424984215     
  0.244553787587952     
  -1.51456558291357     
   1.23290155837814     
   1.34733695725040     
 -0.855162509824532     
 -0.326476564814735     
  -2.51568923828353     
  -2.56903942507148     
  -2.05518940181365     
   1.03229862019617     
 -0.313679705647111     
 
  -2.11088064036845     
  -1.74926426308369     
   1.98455376664398     
  0.995659927486315     
 -0.476309945106883     
  -2.01692190415587     
 -6.952608061959642E-002
  0.739953301009973     
  1.373628027197188E-002
  2.477134289137545E-003
  0.368530492071878     
   1.46787726612563     
   1.87196510200729     
   2.64873652799864     
   1.19258845879594     
  -2.24460958271591     
   2.13732464534739     
  -2.34772336523078     
  0.218223969337356     
  -3.09212947721347     
 
   1.88823598406424     
 -0.103448867575952     
  0.490584661134240     
  0.448981691670482     
  -1.98239795842024     
  -18.7138942902636     
  -1.49144884356217     
  0.295574094079282     
  0.269297528908718     
  -2.78660097837592     
  0.790906335830988     
  0.412729561240043     
  0.376752664767962     
   2.05846996933002     
  0.971440542901404     
 -0.147843392361676     
  0.839355612598701     
  0.277494728911126     
 -0.339622266555095     
 -0.500320407420873     
 
  -156.358166935729     
 
  tansig  tansig 
