 0.104787646914573249E+00
 0.102511990555476729E+01
 0.110247130467923515E+01
 0.139212546974085572E-01
-0.423077092227356344E-01
 0.211637222862119723E+01
 0.640439891621091828E+00
 0.611069034970137204E+00
-0.473083567457884061E-01
 0.324390074714460752E+01
-0.642585039795208340E-01
 0.384724675864653554E+01
-0.754272193176003664E-01
 0.293285601277071706E+01
-0.909619712853653450E-01
 0.164094058695558220E+01
 0.864655585035389307E+00
-0.562264525789002101E+00
 0.182611237359793233E+00
 0.954429666286977896E+00
 0.428502823404256994E+00
-0.711669893682693955E+00
 0.166935743141999993E+00
 0.642543975655085697E+00
 0.762770480014216164E-03
-0.902762142353834784E+00
 0.117275354382503708E+00
 0.100189980769421383E+01
 0.482146251084572611E-01
 0.115394222239059951E+01
 0.271154635216408618E-01
 0.125879051963473998E+01
 0.545280708159841324E-01
 0.130207126732323331E+01
 0.322824330872927556E-01
 0.897049267013292129E+00
 0.962652364038651509E+00
-0.135816864658368264E+01
 0.781075939548602632E-01
 0.690315459354134631E+00
 0.724348062345169796E-01
 0.663736388001368138E+00
 0.131353996100199766E+00
 0.554526386096958701E+00
 0.820026069016571491E+00
 0.406822836982540958E+00
-0.144015743353022058E+00
 0.432850742956169154E+00
 0.280063040352481862E+00
 0.239690167449469860E+00
 0.222056758834290269E+00
 0.467884131378881962E+00
 0.681262330401309346E+00
-0.476234520757233770E+00
 0.509407870259158346E+00
 0.585577229523984721E+00
 0.317478401965701817E+00
 0.192861315157333335E+01
-0.745760140648011900E-02
 0.185524678744180216E+01
-0.289659929944313110E-01
 0.169593554596097351E+01
-0.100379378280215856E+00
 0.138757391758303439E+01
-0.145942312997827173E+00
 0.774193054344132658E+00
