-0.885856472868894351E+00
-0.488876633769643118E-01
 0.140522459193184202E+01
-0.208962332807463846E+00
-0.804817484570389374E+00
-0.364914049482497005E+00
 0.226977991153687775E+00
 0.160192049140579473E+01
-0.783838318659602296E+00
 0.145859370489149653E+00
 0.571819270803173074E+00
-0.446460528593297545E+00
-0.105400251912024359E+00
 0.227011926606442849E+01
 0.607814398794914612E+00
 0.115620362514378194E+01
-0.121584465846914047E+01
 0.142205662396095200E+01
-0.310156047244655786E+00
 0.211517823841130159E+01
-0.596866125204130848E+00
 0.111214905276742804E+01
 0.755771996459513984E+00
-0.500958215806335705E+00
 0.106106209425331910E+01
-0.284612881095278714E+00
 0.870523076305135257E+00
 0.111089374109922590E+01
 0.679300836559635579E+00
 0.155971697375922402E+01
 0.318357645186253146E+00
 0.120427056596710824E+01
 0.220989216143550854E+00
 0.888537165034185561E+00
 0.162106008949698122E+00
 0.673779571997427551E+00
 0.139896223125066443E+00
 0.530121010123970948E+00
 0.191101520678993775E+00
 0.537640382464523059E+00
 0.197313458810588205E+00
 0.330870124964308732E+00
 0.725964210466178317E+00
 0.382347809833649688E+00
 0.100675179320153885E+01
-0.768853002784804729E+00
 0.613602352664612494E+00
 0.896651172885797321E+00
 0.575676971920098035E+00
 0.134093970426729103E+01
 0.415631571977306657E+00
 0.153072402711551336E+01
 0.324619722263922550E+00
 0.135090096533506587E+01
 0.112245419760112666E+00
 0.703740597100613430E+00
 0.214324982926822727E+00
 0.128310121743388894E+01
 0.653892035897082113E+00
 0.912074475781142535E+00
-0.816823658685075227E-01
 0.178571825909521387E+01
-0.802769712569069427E-02
 0.134239405433205805E+01
-0.137034792523992366E+00
 0.884209085012495621E+00
