     33 -    20 -    20 -     1 
rmse= 400.0570 meV
  0.253275609485545     
   1.65381072527024     
  -1.80862388989603     
 -7.621942343453339E-002
 -0.476805063372968     
 -0.428199567810544     
 -4.136774730445054E-002
 -0.249097103494904     
 -0.148252674126895     
  0.948771800858088     
 -0.543142055583744     
  0.721543399987306     
 -0.269669273661302     
  0.956417838396934     
  -1.39282908702766     
 -0.539421050786922     
  0.864806997695681     
 -2.007862304350009E-002
  7.137594760426652E-002
 -8.182800566687659E-002
 -0.404238233179929     
  0.213912190290969     
  -1.61730647112599     
  0.237903385035810     
   1.07467876887816     
  -1.13946237906889     
 -0.352573962276406     
  0.578560698464010     
 -5.363840022236484E-003
  3.836126544881151E-002
 -0.399996705016375     
 -0.568425022566375     
 -0.602091024122859     
 -0.347909220902129     
 -0.568429231067988     
   1.22867591438261     
 -2.052491325952201E-002
 -0.698484448536584     
  0.320879922520685     
  0.448320889181855     
  0.356290723465593     
 -7.105864533816016E-002
  0.309169281648577     
 -0.155168865173013     
  1.976201066408195E-002
   1.12531342390400     
   1.01456906532027     
  -1.14857407929796     
  0.349491782009074     
 -0.237296451553751     
  0.882345262784971     
 -0.579754651508083     
 -0.410633551531590     
  0.379578878830876     
 -0.394592848352225     
  0.168527123101748     
  -1.54467308972806     
  0.596421853128266     
 -0.166277972189553     
  0.209470179851553     
 -0.917499708545054     
 -0.225251209897613     
 -0.257255099733926     
  8.138745617231202E-002
 -0.104248610956893     
 -2.350006491878379E-002
  0.258111482946881     
  0.328991287909219     
  0.263073582323059     
  0.211851085853384     
   1.91101553368809     
  -1.54617383844945     
  -1.82642521856145     
  0.729510737403498     
  0.689986246661125     
  6.314863908870594E-004
 -0.502845711679994     
  0.109218665575149     
 -0.576980810831453     
 -0.209170988873980     
 -0.735741842697140     
  -1.82032598304142     
  0.228773735715518     
  0.293350254159509     
  1.661265285389888E-002
 -0.835993716357811     
  0.156937281276690     
  3.241136384652460E-002
 -0.411955178127928     
 -0.514597724307003     
 -0.387220906067971     
  0.351708222502377     
  -2.27343630119412     
   1.36101182083008     
   1.16984634800422     
 -0.786225845467584     
 -0.262565892420643     
  5.311353256676397E-002
 -2.976656378441976E-002
 -0.271686945579325     
 -7.479462043571443E-002
 -0.817741051446147     
  0.359575678113983     
  0.869635571752285     
  0.173471924021136     
  0.740797903557062     
  0.398081651406806     
 -0.734416654621632     
  0.189374600697278     
  0.402377153752035     
  0.357413326108494     
  7.053267618504699E-002
   1.29985220636546     
  -1.03699246734578     
  0.838387319724001     
  -1.03434857349196     
 -9.201237228928284E-002
 -7.713023202680580E-002
 -0.599730925288467     
  0.435025465116740     
  0.204269296988248     
   1.16353679377784     
  0.741191585928047     
  0.980554456722339     
 -5.847458247402243E-003
  0.648366065320584     
  -1.03783757477340     
 -0.932896892702122     
 -2.948201743953098E-002
  0.127489988708129     
 -0.298564644377745     
  3.267501688738229E-003
  8.323723146115539E-002
   1.99633993448677     
  -2.35875390256118     
  -3.52097864045072     
  -1.20622937051712     
 -3.359066593221914E-002
  0.470823688274352     
  -1.02784874936001     
  0.291882692173690     
  0.746778920900258     
 -0.990946379253533     
  0.350412199689551     
  0.287265435043396     
  4.355845682640045E-002
   1.02717477561077     
 -0.258680586248820     
  0.337680849819811     
   1.14629011212656     
 -0.194547489789815     
  0.955904548399566     
  9.438011365187535E-002
  0.975360882395379     
  0.204717946361689     
  0.416473571266121     
   1.09786594919025     
  0.118311673335117     
  0.601258562683828     
 -0.571659964311434     
 -0.260088505605794     
  0.871765941434071     
 -0.635364453963769     
 -0.196403972384857     
 -0.557183088667492     
  0.130764868374344     
  5.328123176285610E-002
 -0.271905955685021     
 -8.517748192387617E-002
  3.079410704317685E-002
 -2.906384357706733E-002
 -7.699662654113736E-002
  0.159966800876217     
  8.223250286871261E-002
  6.855561528859532E-003
 -0.140065917410851     
 -3.209967284630075E-002
 -8.655713561779342E-002
  0.381931908661423     
  0.735735662367772     
 -8.146095059819163E-002
  6.863597626774801E-002
  0.123713037028596     
 -7.701023346131976E-002
 -4.106057120956216E-002
 -1.620867909271554E-002
 -4.123540706472601E-002
 -0.341312037828768     
 -8.742055785066476E-002
  0.158793500360258     
  0.732040887230233     
 -7.389243665181150E-002
  9.216644389674625E-002
  0.101049119758958     
 -9.375330634833780E-002
  8.256784448604805E-002
 -3.976266469262964E-002
  0.101045047183863     
 -9.565585987873347E-002
 -0.412678918540922     
  0.253790349723966     
 -0.917426977261941     
  0.248338011266903     
 -0.228058907750629     
 -0.571205127989873     
  0.384174918152164     
  0.866199529125299     
 -0.644430305700283     
  0.267249670956216     
  0.124591671371979     
 -0.618445484927820     
 -0.133533235950147     
   2.25765943871092     
 -1.190338230442933E-002
  0.164217218351838     
  0.319366562493773     
 -0.106666717483730     
 -9.320583349777031E-002
 -0.154633347288292     
 -0.139744952114608     
 -1.268802735106555E-003
  0.461248255547918     
 -0.112973467461168     
   1.68422514878321     
 -0.111920914798221     
 -0.549129729194499     
  0.622231443741499     
 -0.253683659227499     
  1.030455221409248E-002
  0.556509125794360     
 -4.554478629048318E-002
  0.128287496128229     
 -4.749959748196925E-002
 -0.395730636434668     
 -6.391642679376458E-002
 -0.404075430219832     
  0.839731820600548     
  0.371317435658890     
 -0.587433190167508     
 -0.141374939665999     
  0.783764645983710     
 -0.570935115169784     
  0.358116010155804     
  0.526126480925966     
  0.150895029356632     
  -1.59312211075784     
  0.342674434796814     
 -0.175769037020652     
  0.203273737736606     
 -0.398422143834973     
 -0.280908070056123     
  0.333773982930600     
  0.379911526625073     
  0.112810400356154     
  0.284695333549287     
  0.917513386850430     
 -0.398510714696953     
 -0.211847238451127     
 -5.552782520013620E-002
 -0.169777952790150     
  0.446143197273678     
 -0.163200592508367     
 -0.599497274663548     
  0.524814209079254     
  0.327317473778412     
   1.08402514174364     
  -3.85501118407853     
  0.381328428089271     
 -0.882704954980185     
  0.640959464104103     
 -0.140776533935076     
 -0.507955859177501     
 -0.650788062301339     
  -1.38973919015150     
  0.108728837917159     
  0.208344718852668     
 -0.779307380256559     
   2.36058459639901     
  0.384370071185563     
   1.42642577770257     
  0.286686758477879     
  -1.49461156444359     
   1.22652720674963     
  0.224703865235692     
  -1.01158654766462     
 -0.172243046823373     
   1.99524883481233     
  0.835203347908519     
  -2.06986045286316     
 -0.989671708384555     
  0.372512157112407     
  0.832683609442701     
  0.961411879245976     
  9.751731834479356E-002
  0.978703564651062     
   1.10543378916150     
 -0.721669433463014     
  6.564980890723032E-002
  0.454883249849887     
  0.162006078338211     
 -0.607502464295232     
  0.960180570821543     
  1.655570320396006E-002
   1.68875888270952     
   1.98184190477999     
  -1.34204949882972     
  -1.13893576093162     
   1.41675375361333     
 -0.166662501246698     
  -1.12843286308988     
 -0.235615551164920     
  0.104944586200570     
  -1.65486700475175     
  0.733502719357255     
  0.385401628686096     
  0.974414285412710     
   1.37174232135723     
  0.799673790794316     
 -0.740055784875479     
 -0.362336892745203     
 -0.395020300662720     
  0.747750270359533     
  -1.33350221153247     
 -0.210076324287888     
 -0.772210667647841     
 -0.212602443190144     
  -1.13971932360910     
   1.36747339211119     
  0.948822759374551     
  0.446118168329307     
  0.187052623394652     
  0.423120406530472     
 -0.558041860077530     
  0.300365453047631     
 -0.198213039839501     
 -0.127814439046150     
  0.331204013576006     
  0.284647152158502     
 -0.421584914385516     
  0.112257503420176     
 -5.579114797639362E-002
  0.111893944052386     
  0.522315156668784     
   1.31416345313869     
  -1.01052082634423     
  8.407112242518915E-002
 -1.244835462089846E-002
 -0.191773854558928     
  0.104560459945622     
 -0.384885266720287     
 -4.996608767500717E-002
 -4.620479488659656E-003
  0.535410841118324     
  6.164070493751514E-002
  0.548919077827355     
 -0.634838807600714     
  0.101656646215636     
  0.169530230785403     
 -0.330410785892518     
 -0.152745682791243     
  0.181810674120640     
 -0.194399635079692     
 -0.160638347284615     
  5.594906645759995E-002
   1.08505239573826     
  -1.48569280685263     
  0.330349762145142     
  -1.23457309636502     
 -4.928946157583075E-003
  0.147949635356451     
  0.191368706641490     
 -0.251293139532466     
  0.241547120305075     
 -0.620937048750534     
 -8.326122629937334E-002
 -5.655773344531942E-002
  0.265593525150290     
  0.716385534902629     
 -0.436551159771434     
  0.241427821685496     
  0.222721226853172     
  0.349189334646078     
  0.217327689883535     
 -0.378965915854512     
 -8.711834305505463E-002
  -1.11600762127107     
  0.516789708795842     
 -4.934617619033831E-002
  0.968170894054961     
  0.521254056958206     
  2.715042468765307E-002
 -2.529369696616965E-002
 -0.188768536445925     
  0.115443976550412     
 -0.242737513020351     
  0.298939435185609     
  0.250256433519455     
  0.108472150057700     
 -0.298077657113908     
 -0.548341747193169     
  0.575845565920284     
  0.212122146187480     
  0.199573785753963     
 -2.193356470105303E-002
 -0.545355941253052     
 -0.553054794893867     
 -0.593343750909159     
 -0.397981023948507     
 -0.104251481733011     
  0.375576667331472     
 -9.777645770856602E-002
 -0.808109078147225     
   1.54157018861962     
 -0.510248613533746     
   1.03312975067491     
 -0.249780704170331     
 -0.860554373007874     
 -0.214008532559232     
  0.656225811570931     
  3.432422597616783E-003
  0.376517268653347     
  -1.25022117615194     
  -1.79720007901259     
  0.988736931246045     
  0.453587705328509     
  0.139067929831691     
  0.404278600052445     
  0.393036607070507     
 -0.134933147098434     
  0.121933649387440     
  0.570356392198485     
  -1.01105454857630     
  0.570103343223638     
 -0.891736599919595     
 -0.916147882503972     
 -0.378985170537804     
  0.469513178252368     
 -0.276082160288024     
  0.361607655542325     
 -0.112999380020220     
 -0.112786980156880     
   1.05388095218028     
 -0.355901091018481     
  0.277837465120505     
 -0.727185477651096     
  0.465080570973414     
 -0.319872360774821     
 -2.384881092946394E-002
  2.908634174756270E-002
 -0.253567919846673     
  0.427952810993187     
 -4.352314276735991E-003
   1.00257231735887     
 -0.295911875446270     
 -0.186845426012345     
  0.118334829218491     
   1.36850337361381     
  0.230454828050303     
 -0.399113572361964     
  9.221172282177191E-002
 -0.451961487685481     
  0.101338043271689     
  0.241850331230614     
 -0.278543468765830     
  0.615253394635050     
 -0.302710703025576     
  0.826063310166804     
  0.531223629177023     
  0.256382461334956     
 -0.652989740885669     
  8.610315591812844E-002
 -0.302322549167710     
 -9.559888050040975E-002
 -2.133645129771573E-002
 -0.459976087219832     
 -0.353257556545986     
  0.264957330627021     
 -0.471255761237903     
  0.302208992717842     
 -0.657676346864994     
  0.384681183805218     
  0.310546809164388     
 -1.473452067582657E-002
 -0.428602366196004     
  0.345445090927597     
 -0.372647019299080     
 -0.113541111653236     
 -0.893915589973852     
 -0.590728207409818     
 -0.229800406388017     
 -0.371702709707289     
  0.420591193425561     
 -0.303163563758137     
  0.364338448325228     
 -0.311939528025826     
  0.114349860144482     
  0.233758457754071     
 -3.048874418208036E-002
 -0.254391900187271     
   1.67973639407484     
  0.624319664324351     
 -1.534440756509253E-002
  -1.09914555355614     
  0.376472053671348     
  -1.25790449992831     
  0.377202157738493     
  0.308755559845906     
 -0.604606551252096     
 -0.371568294457765     
 -0.787534803469556     
   1.64630001194464     
 -0.100317796107307     
 -0.785690052628111     
  0.900678272725144     
  0.172560836754370     
 -7.615466757002619E-002
   1.47640371520533     
  0.440671220899476     
  -1.49152286476198     
 -0.451131896576911     
 -0.484897560474957     
 -0.631537725928831     
  0.577216417663380     
  0.719380809534382     
  0.699607611677897     
  0.258801623860771     
   1.20030311058098     
  0.507617094511219     
  0.312568009868839     
 -0.585013834054507     
 -0.112690572654240     
  0.439760467022433     
 -0.247034198251557     
  0.906769590527883     
 -0.106635191337120     
 -0.544637967929372     
  0.664147181256050     
 -0.207140013848456     
 -0.968616523713036     
 -5.316319764385365E-002
   1.63661565898041     
 -8.051200510274761E-002
 -0.585789255685813     
  6.194887929003203E-002
  0.411251396562659     
 -0.478946714324544     
 -5.792817495124739E-002
  0.485293631501162     
 -0.254257030290365     
  0.564338989507497     
  0.884502655786329     
  0.664696459024323     
  0.248856282126043     
  0.323895599408915     
  7.107231967465352E-002
  0.446128578462691     
  0.310181013681171     
  0.435713127387267     
  8.819564039192722E-002
  9.113265710117575E-003
  0.736809833692365     
 -1.182840518485596E-002
 -0.616412231633206     
  0.589074412795496     
 -0.521658294425400     
  1.246432930196719E-002
   1.38741620082410     
  0.758991130515179     
 -0.241586868852101     
  0.191701611889995     
  0.222208618890696     
 -0.530797366215933     
  0.413523611324623     
 -0.219619008762075     
 -0.533043607210181     
 -0.406303277819912     
  0.440814596089862     
 -0.897352387884342     
   1.10426755836148     
 -0.323911706922375     
  0.409949713388422     
  0.846688867643839     
  0.156522278242532     
  0.714858235299600     
  0.212836053905714     
 -0.135467445146434     
 -0.751887556085088     
  0.821692551642162     
  -1.61717969874303     
 -0.307255377635650     
  0.404914229334387     
  9.937289332560760E-003
 -0.128450601084699     
   1.15680788711502     
 -0.180491963111894     
 -0.531680149875978     
  0.416483949564685     
 -3.570814451357596E-002
 -0.152198483186798     
  -1.10415882528630     
 -0.663059874214855     
  0.592143699018120     
  0.635176119726680     
 -0.893553333925714     
  0.598074819771151     
 -0.224847398166349     
 -0.289171128263969     
  0.331343424337246     
  0.209617724012253     
  0.173807749122248     
 -6.148235007146615E-002
 -5.563757095269993E-002
  8.225765558212875E-002
  0.142608441755662     
 -5.803294487704028E-002
  4.750815159716933E-002
  0.333602021696067     
 -9.573200084001550E-002
  0.158441373809628     
  1.680555539994225E-002
  0.549164893651512     
 -0.355280392561459     
  0.270865749462727     
 -0.464401269152607     
  9.362715541474788E-003
  0.716799508710322     
  0.162676479055397     
  0.226173879687987     
  0.786702504356834     
  0.289599655440244     
  -1.89660803588992     
  0.739227779271874     
  -1.08318142682170     
 -0.927269289996950     
  0.560456113758317     
 -0.313517070240688     
  0.846701703960364     
  3.618725228136981E-002
  0.186295629268288     
  -2.18899349398453     
  0.311455830800038     
 -0.816324546671666     
  -1.09727270228326     
  0.630807259421472     
 -0.304895625925608     
  0.475355759652566     
 -4.175050717964969E-002
 -0.511388269108918     
  0.285664584833808     
 -0.984720554457411     
 -0.883599418656122     
 -0.427377038180004     
 -0.478425189106169     
 -0.544681878514976     
   1.34135764792349     
  0.647677009042055     
 -0.484037624365621     
  8.794039313905061E-002
 -0.746992881558351     
 -0.733446145479635     
 
  9.290671104070491E-002
 -0.326409292631110     
  0.337247567487171     
 -0.712652621718116     
 -0.822676192155924     
 -2.405401319640789E-002
  -2.09207470143956     
 -0.391300249366280     
 -0.454584261308370     
  0.685558399426392     
  0.183877456345265     
  0.646572314685165     
   1.43687957196032     
  0.494806794866442     
 -0.234550678802085     
 -0.879848086058768     
  0.143729469886293     
  0.591147098010634     
 -7.029393120574870E-002
  0.117792616507843     
 
   1.07688999244863     
  0.862490234330623     
 -0.643947305659285     
 -0.989245706050968     
  -1.48458839428667     
  -1.06556236493890     
 -0.338253403981207     
 -0.568344653056850     
  -1.34007756438037     
 -0.795541951857097     
 -0.399309600128827     
  0.445299587449339     
 -0.172926049425495     
  -1.64554951299930     
  0.702315228586798     
 -0.136057326148659     
  0.842482330595811     
  0.732256527739393     
  0.101217294692634     
  0.664625977109030     
  -1.59392953664149     
  0.549833389617195     
 -0.630194193364035     
 -0.215747036319172     
 -0.638390686926172     
  -1.23757146943880     
  -1.10954509191164     
   1.94867895255991     
  -1.31263718196722     
   1.29473991294187     
   1.71580454601657     
   1.30571620741518     
 -0.400490161396336     
  0.972643523197754     
  0.606905524866545     
   1.92580489329224     
  0.509190284807032     
 -9.632628314711092E-002
   1.73351473736898     
   2.01482249334458     
 -0.713053976444116     
 -0.150874199845483     
  -1.55843852341138     
  3.957738767087488E-002
  0.736788350052606     
  -1.43495069717836     
   1.29294632901060     
  -1.39130443045539     
   2.02097028896048     
  9.476002755398588E-003
 -0.895330726067731     
 -0.443589814480086     
 -0.525690234461986     
  0.194868847971991     
  -1.76416629255156     
  -1.24933583835980     
  -2.36266919575225     
  -1.27586032982374     
  -1.63630998090908     
  -2.17888458440888     
   1.57720872559279     
  0.178974357655049     
 -0.976823465140252     
 -0.754759419289446     
 -0.692240334500468     
 -0.694738920923391     
 -0.497930797312984     
 -0.989644003147232     
  3.700613128429418E-002
 -9.825233149941513E-003
 -0.274878070757999     
 -0.174815866024748     
 -0.208387374539123     
  -1.34928669650370     
 -0.488901776822478     
 -2.813668971434089E-002
   1.11971145490830     
  0.209315974372821     
  0.184317672759539     
  0.122477410913372     
  0.367448831641382     
 -0.459942556116891     
 -0.236139724871080     
  0.726132380882821     
  0.248181980680955     
  -3.28581012080510     
  0.666436410948495     
  0.990887641704341     
 -0.187953147017769     
  2.593666450629697E-002
  6.346791088665245E-002
  0.662144865495007     
 -0.338423425545919     
 -0.906654564628561     
  -1.42866388379002     
 -0.961923381576141     
 -0.177739548622857     
 -0.213411336733816     
 -0.463759765050740     
 -0.450320516680962     
  3.274636764394325E-002
  0.790042974948277     
  -2.85120116387991     
  0.450634105711304     
  0.608218097160858     
  -1.31741307002065     
  -1.99157257263895     
   1.03089891193242     
 -0.180171022824881     
 -3.433368729523562E-002
   1.16880064990228     
   1.45070192257467     
  -1.90241162334480     
   1.82301914832525     
  -1.01402394574879     
  0.275947923723220     
 -0.605038945205165     
 -0.132795639613726     
   1.84969641616053     
   1.18262108238147     
  -1.89023228069310     
  0.816927554097677     
  0.313898306738094     
  -1.63918372365732     
 -0.310524158389494     
  -2.74558591744718     
 -7.275599311885012E-002
 -0.357610176714585     
 -9.291373997849291E-002
   1.21439012187114     
 -0.636821670458969     
 -0.563718046546425     
  0.419881169234582     
  0.935892770624382     
 -0.531577022874289     
  -1.41846172130866     
  0.925435993444773     
 -0.300332615458220     
 -5.015716689052193E-002
  0.642544447634234     
  0.358971823700272     
 -0.933371902397474     
  0.564120610743572     
 -0.191117879209022     
  -1.11503957145090     
 -7.961825439008426E-002
 -0.878723981137332     
  -1.07198512059485     
  0.415398935834792     
  0.120673990620994     
 -0.343011241954847     
 -2.290435211444270E-002
  3.440067706600450E-002
 -0.731270594729063     
  -1.28698487972830     
   1.09266923834790     
  0.636141222501213     
  0.952275584606414     
  -1.09421735767804     
  -1.79809471164769     
  6.913396079157040E-002
  0.355017778499153     
  0.353258917927124     
  0.309600153806423     
   1.21215259893838     
   1.45762600437058     
 -0.167929833919713     
 -0.363524431978103     
  3.749609714044173E-002
 -0.228178465633432     
  -1.51727559885377     
  -1.87887544198434     
  6.914932002637107E-002
  -1.20826094724055     
  2.448226020929602E-002
 -0.945698099004437     
   2.16786152047888     
  0.288654466875602     
 -0.519804482481467     
  1.421601325763722E-002
 -4.886379738126397E-003
 -0.361729851506801     
  0.123713780143611     
 -4.286206319682220E-003
  0.567007022451565     
  0.513683886394722     
 -0.498601859032696     
 -0.594592679185507     
 -0.358279207569256     
 -0.233639558644312     
  -1.41255457027272     
 -9.639708687167597E-003
 -0.140152743066185     
 -0.637900994756069     
  -1.59025356416036     
   1.15196486552924     
 -0.975302270297776     
  0.313179004370946     
 -0.489744402566715     
  -1.15599020666167     
  -2.28216937018686     
  -1.16278015748183     
   1.55793520748162     
   1.52798361137358     
   2.40420270273764     
  3.634376700092198E-002
   1.95313950790978     
  -1.64991958202100     
   3.43999520017526     
  8.633392682047548E-002
  0.688113341319259     
   1.57788204291223     
  0.604729217627522     
   2.06099111480353     
  0.198878574736484     
  0.512747874223363     
   1.66732568613354     
  0.839302929668262     
  0.521323232026514     
 -0.497832589548245     
   1.70613749866498     
  0.183147292061851     
 -0.823815861932586     
   1.44517626456032     
  -2.54288771088667     
 -0.530108964658906     
 -0.821340154187392     
   1.34926487722426     
   1.00959523740353     
   1.55173848889387     
  -3.56087646511707     
 -0.149277706008590     
  0.265974976751835     
   1.84032919489125     
  0.302877608865932     
 -5.839324280152766E-002
  -1.83733130832108     
  -1.79622079565706     
  0.687513646589173     
  0.826093659053658     
  -1.45612809271994     
   1.51244547486825     
 -0.422270040901750     
   1.93804751816970     
  0.480016245608940     
  -1.15978647874171     
  -1.74866360958777     
  0.953925785384430     
  0.314127968329739     
  0.426412924803393     
  -1.66005975619341     
   1.26520160250335     
   1.45172720144133     
   1.08107262065862     
 -0.151654913807252     
 -8.129208803948910E-003
  0.662333320116877     
 -0.920001388343095     
   1.10426258342577     
  -1.63385588918173     
  -2.00564016045766     
  -1.09674304849573     
   4.22685111491728     
   1.51387577066921     
   1.05546239445555     
   1.23550845315476     
   1.24240879935507     
   1.33840225464934     
  0.285308656050281     
  -2.80091564353056     
  0.802728648866258     
  0.346306523355255     
   2.97592261012675     
  -1.53876441357724     
  -1.19605596656520     
  0.367902665919693     
 -0.723553902286790     
   2.26724427358008     
 -0.171692846051705     
   1.24634550099548     
 -0.787155834592825     
 -0.103040065125948     
 -0.600276793931906     
  1.854422198833750E-002
 -0.575134698727314     
   1.67060651396168     
  -1.00120232919313     
  0.939619950241668     
 -3.333999391264367E-002
 -0.798055019660720     
  0.657009688501225     
 -0.733332482767225     
  0.184901273070377     
 -0.959658850973067     
  0.177350291334234     
 -0.706775535065344     
 -6.529455550653483E-002
  0.500292223439200     
  -2.22306311332763     
  0.197537947740283     
  0.432654041281550     
 -0.304713596017871     
 -0.433001162882922     
  0.176493183146208     
 -0.751440594907649     
   1.29247318037144     
  0.356212595313400     
  8.431090247195665E-002
  0.117020570898591     
 -0.674245365900538     
 -0.676113172761637     
  0.496011435422901     
  0.118044129803235     
 -0.900852696119500     
 -0.428853678885486     
 -0.857107175064261     
 -0.254256152229619     
  0.342503307832143     
 -7.058244006061683E-002
 -0.105220227739700     
 -0.630141734328262     
  0.981474290034793     
 -2.471309886569177E-002
 -0.150351736244507     
 -0.813585919261853     
  -1.05403724261127     
 -0.217927209582293     
 -0.210934804634599     
 -0.409699933456676     
 -0.432320987954711     
 -0.527156139826734     
  0.163298135212118     
  4.486391502534900E-002
  0.575773515411302     
  0.201012123052678     
  4.502958096063143E-002
  8.857707135305629E-002
  0.166868494711389     
 -0.183964865558780     
  0.297781236063893     
  0.557679662890135     
 -0.488984448518606     
  0.379992003779118     
  7.930696160615568E-002
  0.270530871447500     
 -5.056317364426424E-002
  0.654246098588615     
  -1.13774386759481     
 -0.599988908205578     
  0.238173587760053     
  0.692891465169590     
 -0.339975212763130     
 -0.260561299190760     
  8.933752918632794E-002
  0.453173731678333     
  1.150491303555480E-002
 -0.296202700417096     
  0.332904190707756     
 -0.472106306100087     
  0.182059767893906     
  -1.49946068620153     
  -2.65711664722689     
 -3.891875589640356E-002
 -0.890685760694669     
 -0.979340211347935     
 -0.230233404777602     
   1.43085189864300     
  0.432655163858677     
  -1.34860897666424     
   1.52072251622995     
   3.39285877823497     
  0.686801418652090     
 -0.838338078359110     
  -1.71779464998813     
 -0.833840431771202     
  0.625945546464969     
 -0.916097806742176     
  -1.45469005047671     
 -0.391586024142267     
 -0.269044726056161     
   1.18337030928288     
 -0.914937192878489     
   1.44697670215261     
   1.65993447488342     
  0.139122003062017     
  0.300758459695131     
  0.247835872547266     
 -0.341297355452917     
 -5.449744731289924E-003
  0.747545174664256     
 -0.400556575764397     
 -0.264881343388377     
  0.734663828734186     
 -0.935086504888889     
   1.22262137400250     
  9.100369721290139E-002
   1.10283222997719     
  2.985561220021053E-002
 -0.215065519053606     
   1.11229895368028     
 
 -0.883424037522087     
  -1.48828145765114     
  0.636199432405427     
 -0.732101803421713     
 -0.734770926806246     
   2.37295290655040     
 -0.143746794939098     
 -0.512990232521226     
   2.84719975313561     
  0.768545010378551     
  0.419070762915211     
 -0.506213340072709     
  -1.50421337960402     
  -1.79043199645888     
  0.432868452719383     
  -2.94262158544341     
 -0.678294649611440     
  -1.12519211066944     
 -0.513735599088522     
   1.25186623208994     
 
  -1.09698429407250     
 -0.101631345082199     
  0.800323714615256     
  0.960002344122886     
  0.547531764830507     
 -0.707642114535411     
 -0.135823484262964     
  0.694451034688606     
   15.3333389741715     
  0.242206152005124     
 -0.403892409116670     
   2.66143132905546     
   1.12687325581919     
   1.53892902086131     
  -1.67913446319590     
 -0.872660266640141     
   1.30881933995902     
   3.49425052134324     
 -0.479791035237799     
  0.370153074966690     
 
  -157.497170217360     
 
  0.000000000000000E+000
 
  tansig  tansig 
