     33 -    20 -    20 -     1 
rmse= 400.0570 meV
 -6.652092122945764E-002
 -0.252540767523525     
  0.557467475020222     
 -0.340093331818289     
 -0.298983435832553     
 -0.302950496147846     
  0.514389433136577     
 -0.320036641302092     
  0.145005160194335     
  0.350073550680992     
 -0.514843973698815     
  6.229513773149178E-002
   1.11575357754801     
   1.42125060909039     
  -1.23705352886082     
 -0.395616191418490     
 -0.278122737040696     
 -0.318303471709483     
 -0.952641657088849     
  8.335229601338212E-002
  0.166459919527315     
 -0.135867552678564     
 -0.279183315467982     
  -1.51160184014976     
  0.680616867957101     
 -9.829563200092206E-003
 -0.543205751447732     
  0.373241336754168     
 -0.532468125300007     
 -6.828129750182443E-002
 -0.791550940052809     
  0.159539431279513     
  7.364188317542332E-002
  9.629094371548470E-002
  0.100633713921565     
 -5.471408633117176E-002
  0.253359438405595     
  -2.57617764322945     
  -1.55975765454367     
 -0.145832068145683     
 -0.330513964005796     
  0.131215464652585     
 -0.137083386439846     
  0.994812114437054     
 -0.332108798274636     
  2.344172889248855E-003
  0.315409954386882     
  -1.02262836631674     
  0.665533523944729     
  -1.72885428029090     
  0.626917199731750     
  0.233599720663327     
  0.188642907105836     
 -0.429579719254163     
 -3.293870533908527E-002
 -0.178509338885634     
  2.274682259912070E-002
  0.186015033124935     
  -3.01595812848704     
 -0.388339374939668     
   1.75390803717776     
  0.100147374954848     
 -0.566365305218321     
 -0.234465866722237     
 -0.579000884728000     
  0.202605872771370     
 -0.246041878836067     
  0.838572013750601     
  4.493724768178952E-002
 -0.764507747241525     
  0.614738649265536     
 -0.199863996900884     
  8.345524173717095E-003
 -0.228364258136474     
 -0.356816058846641     
 -5.584759856328608E-002
  0.161497833457265     
 -0.165382693848297     
 -0.500471694399613     
  0.290101002466537     
  -3.50254350924606     
  0.657691842382495     
 -0.306066793694546     
  0.167229534326425     
 -0.339507214482761     
  0.149263282023269     
  0.795806546732406     
  0.135341436939431     
  0.348077738371589     
 -7.376174599022041E-002
   1.38102613095171     
  -1.08221516475353     
  0.310245614359133     
  0.122899364827988     
  0.148954430652230     
 -0.355219677932661     
  5.446072363110668E-002
  0.262497340888767     
 -0.184168984984489     
  -1.02651772650959     
  0.512819219552966     
  0.100943973936844     
 -0.975966436286430     
 -0.706039309320299     
  0.402777342725081     
  0.438383749667012     
  2.784985497418557E-002
  0.234901315667316     
  0.325545792402361     
  0.133124087142545     
  0.824150351274381     
  -1.11164997160069     
   2.01945172680788     
  -2.74656091093464     
 -3.135381594621488E-002
 -0.380371370001178     
 -0.514263731351014     
  0.562057998918873     
 -0.532764421661658     
 -0.538849241097909     
 -8.950511306275175E-002
   1.60673900898463     
  9.604425143198986E-002
 -0.331196260680484     
  -1.74978100223163     
  0.507324985904113     
  4.839630495658623E-003
 -0.668868082306557     
  0.243895176118671     
 -0.162156444826269     
 -0.794908928675100     
 -3.830738098363465E-003
  0.478691831211509     
  0.850088247358730     
 -7.330721629299838E-002
 -0.457823007485444     
 -0.626126352307070     
 -8.793872875692051E-002
  0.407700674891547     
 -0.260161887394924     
 -0.546663396983382     
  0.362715538203467     
  0.443387948984950     
   1.12510977957730     
  0.373175770591676     
 -9.494381583520271E-002
 -0.208833757000904     
  0.318365098925124     
  3.638174622813545E-002
  1.503531336798542E-002
 -0.330269607443701     
  9.585258120806718E-002
  0.434127025880262     
  4.605592708098502E-002
 -0.690459129544771     
 -0.139048344331067     
  -1.09431657610512     
  0.342061649166497     
  0.431239861782308     
 -0.462967400300527     
 -0.213327303933912     
 -6.365457728168261E-002
  0.192411639030686     
 -0.603737583072432     
 -9.356736912053899E-002
 -0.162626749255479     
  0.229575750877625     
  -1.00624471147096     
  0.404074554753101     
  -2.05234052213773     
  -1.20200253430458     
  0.494657377819145     
  0.422487910667218     
 -0.687185171643673     
 -0.261248350436760     
 -0.521814477934024     
 -0.248518758825048     
  0.874357070800448     
 -0.174566338971891     
 -0.150494874968240     
 -0.220937820114149     
  0.718724326094266     
 -0.309797080552578     
  0.554048535827281     
 -2.150554839645302E-002
 -0.182721672843010     
  0.988021984912979     
  0.191171133050712     
  0.697463698360040     
  0.348889449634042     
  0.853719229342695     
  -1.14040440632631     
  0.662035088553996     
  0.740607264885471     
  0.122226700705127     
 -0.225036205591516     
  7.463347738921616E-002
 -0.713752996562336     
  0.169504581730771     
  -1.01616916065561     
 -1.793555665912181E-002
   2.72054642258008     
  -1.42046222285165     
  0.644312944555345     
  0.271521100605592     
  0.185544700544402     
  0.242765633835309     
 -0.438656250558706     
  -1.02358496938183     
  0.476244098771434     
  0.142189349223204     
 -0.293026494486489     
  0.589026763363737     
 -9.836077559797542E-002
 -0.403368570402180     
 -0.294230428544361     
  0.431234765035820     
  0.254095984717192     
  0.519597701525884     
  3.973743657655519E-002
 -9.304979008880168E-002
 -1.017948872403859E-002
 -0.708304799754142     
  -1.05108910633564     
  0.464095934114929     
 -0.707080336033918     
 -0.317487326569790     
  0.214061145296583     
 -0.409321140070558     
   1.43940987884411     
 -3.097779817879553E-003
  0.760739554896982     
 -6.589066223929073E-002
 -0.160887448720321     
 -0.290543214930855     
 -0.469507183649702     
  0.249612955478644     
  0.546072468770684     
 -0.276536846400277     
 -0.262138538998025     
  0.356108916653072     
 -0.292293884193243     
 -0.231837656235446     
 -0.112295641483492     
  -1.09600926827334     
  -1.85894186463632     
  0.319780771679413     
 -0.469163563475999     
 -0.276752001372442     
  1.719668325104629E-002
 -7.114768109323538E-002
  8.239087974539529E-002
  8.645319173105108E-002
 -0.648010520093982     
  0.251060464282315     
  0.602721776160834     
  -1.31385871579844     
  0.399513659816496     
 -0.386670100586126     
 -0.494242641076420     
  8.696990328573695E-002
  0.270045643549326     
 -0.260947474695985     
 -0.110825772101452     
 -0.117551211814604     
 -0.202279609184480     
  -1.97522865139941     
 -0.872584706130369     
  0.275492296028271     
  0.308781471854588     
 -0.265888915214237     
  0.264679286558429     
  -1.05499395465047     
 -0.142148800736637     
  0.601728308913916     
  0.264772614107991     
 -0.830891800152888     
  -2.68994990032659     
  0.843271957015531     
 -0.779697391155630     
  -1.04338870173220     
  0.261122176148962     
  0.194647092195416     
  0.162885613046130     
 -8.087393347846220E-002
  4.898014809379841E-002
  0.115716894962426     
  -2.85193791481103     
   1.96651510065441     
  -1.83575592224645     
 -0.449894863853761     
 -0.533465576242119     
  0.110544361272101     
 -0.564369348185441     
  0.383101883970512     
  0.150652784427242     
  0.792475473191921     
 -0.606790950314748     
  -1.88366086897892     
   2.41276182641740     
   4.90093670163393     
   2.79155839469531     
  0.988875282380743     
  0.937833541805467     
   1.19314757142349     
   1.56628159721820     
  0.535509630159455     
 -0.333459679291670     
  1.376754961059908E-002
  0.689157100627769     
   1.78059715796647     
 -0.167253703083675     
  -1.74231791356787     
  0.730267738255118     
 -0.572577398159332     
  8.632061070639578E-002
 -0.297447289395235     
  0.373401579970179     
   1.50927698460883     
 -0.297490012807611     
  0.453948031297467     
  -2.53539915566467     
  0.758778386233817     
  -2.08083936798549     
  -1.65232506375091     
  1.584271648298313E-002
 -6.178523876656658E-002
  4.414734629528033E-002
  0.239744773854859     
  -1.58635700315338     
 -0.350835047382038     
 -0.396090952212918     
 -8.143554361725961E-003
 -0.124300453919369     
  5.941700915116559E-002
 -4.301838336634690E-002
 -0.145142759458603     
  0.181571743489770     
  0.316199406936410     
 -7.022784275733360E-002
 -0.284040736625509     
  0.436488645651463     
 -0.309356945613368     
  0.349804385137185     
 -0.198326304930691     
 -9.066265380055553E-002
 -6.719183553184292E-002
 -0.109152359775865     
  0.304049419233334     
 -8.686124214006213E-002
  0.166434655642900     
 -3.197551230544523E-002
  0.542955642069792     
  0.247022571089467     
  0.935015160870591     
  8.191515948290634E-002
 -0.193550748038182     
  0.498810671774275     
  1.652903573447417E-002
  9.342034508570105E-002
  6.157437536524105E-002
  3.477200209930785E-002
  4.930520468169407E-002
  0.398787439679755     
  0.462028322691525     
  3.249125357707754E-002
   2.38133742517787     
  0.108220763922828     
  4.808309774000910E-002
 -0.829484280054431     
 -0.980387644889614     
 -4.884604458035069E-003
  0.244111396999524     
 -0.169410945508922     
 -0.748335405455140     
  0.591592224855242     
  0.806731043098843     
  -1.40852192240544     
 -0.166221076992399     
 -0.734694888575239     
 -0.227322840276632     
  0.263533044991133     
 -0.476957142174053     
  1.161301502156895E-002
  0.198754935492846     
 -0.743841070357634     
   1.23114729542949     
  0.544043988115306     
   2.91621974442158     
  0.316082575821028     
 -0.516930357103527     
 -2.582406816336006E-002
 -1.406954981275322E-002
 -0.436676952406689     
 -3.664965371127422E-002
 -3.823609160673973E-002
 -0.262318193418532     
 -0.171487590433307     
  0.697071136860956     
   2.83659183621702     
  0.872654021713188     
 -0.224255268443641     
  0.839722557854988     
 -0.529073832543838     
  0.562660090711962     
   1.09642795632665     
   1.31162760000620     
  1.321799878584390E-002
 -0.117799606074386     
   1.67178770017008     
  -1.62786984889959     
  -2.02999217051940     
 -0.537407997441776     
   1.72356577444533     
 -0.708270531607666     
  -1.50265083775960     
 -5.477916493757644E-002
  0.578685100138117     
 -0.421867332319752     
  0.112964389456966     
   1.18407092955247     
  0.757096244466149     
 -0.414139767850970     
 -0.367499907176102     
 -0.639958651150609     
  0.166951842383185     
  0.181861293598752     
 -0.335348716789104     
  2.051128918035186E-002
 -0.616010190547502     
 -0.200130813305892     
 -0.108598045914107     
   1.42439956608639     
 -0.532120025459273     
 -0.610862780044834     
  0.725180422524336     
  0.224231717232254     
 -0.473852987385025     
  0.240985255867179     
  0.554889394826904     
  0.264992921141765     
  0.237077548722334     
  0.370912329158797     
  -1.02662053583749     
  0.813649511274423     
 -0.364178318868761     
 -0.354434660218726     
   1.05786516227231     
 -0.127197347646968     
  0.127266966191317     
 -0.147890741544001     
  0.685189952892468     
  1.402635133197727E-002
  -1.25975287107166     
 -0.657950283521770     
   1.29547790010869     
   1.36759275248274     
 -0.728785039273645     
  0.639436152220419     
  0.370134346902157     
  0.158480300289620     
 -0.314502686525504     
 -0.210620902075328     
  0.237007214335167     
 -0.109483344048135     
   2.08697020396020     
  0.842999955441008     
  0.581207096347031     
 -0.915167508586968     
  0.330879243092847     
  0.426227922911054     
 -0.447106720589668     
 -4.937865982279219E-002
 -0.148228434344840     
 -0.979004284173801     
  0.392773311555659     
  -1.61320242443653     
 -0.915589023414041     
  0.344959766930038     
 -0.280144203554841     
  0.554231780885754     
  0.347738453183793     
 -0.138484725514007     
 -0.181363159379107     
  0.667641602703041     
  0.426638653157660     
   1.13357152092524     
  -6.56685946750583     
 -0.667436238601146     
 -0.142691369205117     
  0.529794696714551     
 -0.239444361768518     
  0.496396467761541     
  0.126586933633357     
  0.239210745072875     
  -1.14613087165570     
  0.632197948109930     
  0.419947860926422     
  -1.34145447992192     
  0.915899433302580     
 -0.668695100731139     
  0.203265792085199     
 -0.755561086731702     
 -0.307734755736836     
   1.04374183157248     
  0.409789692582165     
  0.335704277135056     
   1.28316316370031     
 -0.740511367879429     
 -0.386944714851536     
  4.281394716791313E-002
  7.381608193017407E-002
  4.553816423832286E-002
 -0.185630365886715     
  0.307530313587408     
 -0.321373409218946     
 -3.433576566337778E-003
  0.856821962751668     
  -2.22877834650962     
  0.480176424104449     
  -1.25065902221891     
  0.155600096582862     
  0.293030281011221     
  7.522209689814201E-002
  0.109952534925695     
 -7.779956017379572E-002
  -1.44355758608318     
 -8.436617262277821E-002
 -7.715979417873307E-002
 -0.449198999507924     
   2.63818466792223     
   3.02345306485343     
 -0.520801915912176     
 -0.586572335334202     
  0.583498555678097     
 -0.131298059628399     
  8.959513072630203E-002
 -0.800520358128624     
 -0.497054547911461     
 -0.121890331263753     
  0.493707269109145     
 -0.519131985474741     
   1.39393292209571     
  0.452116444687427     
  0.457387954524128     
 -0.304153628311705     
 -8.368711634181500E-003
   1.01721046201201     
  0.324582317951537     
 -0.167332399804622     
 -0.395690236454455     
  0.109938406729766     
   1.39329620620945     
   1.98425143185740     
  0.128916998104785     
  0.571991488760144     
 -0.368440842212604     
  0.693657490759815     
  0.733273751280901     
  0.835361818236936     
 -0.910696740338590     
  0.304316939244678     
 -0.652512179334991     
  5.117038181732507E-002
  0.745846281541905     
 -0.554241252293714     
  9.543518052965559E-002
  0.498240787066756     
 -8.163973452826886E-002
 -0.321741660692095     
  0.169373119605770     
 -0.217701851889015     
  0.327482516849721     
  -2.92101687821001     
  0.516776721187729     
 -0.592417056706272     
 -9.506553204616286E-002
 -0.250794067538542     
 -0.596700701974402     
 -0.564380390446324     
  0.309615873476617     
  0.406354963855568     
 -0.253677432199511     
 -0.104989513671059     
   3.63772926460667     
 -0.265834452273588     
  -1.23340513905732     
 -0.355451680081525     
 -0.219778083363589     
 -0.550611691165914     
  0.138761746072397     
 -8.101119508509941E-002
  3.097610090091477E-002
  7.482718537545373E-002
  8.381688605363874E-002
  0.500625970626505     
  1.730435682021634E-002
  6.348340871053436E-002
  0.418012702635321     
  -1.46735504316409     
   2.02538580019125     
 -0.513134963982394     
 -0.599409248880284     
  0.806585121640569     
  0.290256553466000     
  0.122692081645245     
 -0.672926513204731     
 -0.143025166157341     
  0.400070325165972     
 -0.241845195963243     
   1.24948109047691     
 -0.457613448005367     
  0.869577549976727     
  7.102572354721831E-002
  0.631445974492113     
 -0.274127142225371     
  0.214234868546972     
  6.457911184101035E-002
 -0.477386826011877     
 -0.336997428918747     
 -0.232443566834100     
   2.32835870346350     
  -1.52735606021373     
   1.44965260047502     
   1.02104195432436     
  -1.05377594758681     
 -1.829958464337772E-002
  0.496628472823083     
  0.261209801887921     
 -0.134570555760790     
  0.727900979013144     
  3.615134700969534E-002
   1.01429780418392     
  -1.10838105925361     
  0.727168673713035     
  0.468851510459257     
 -0.951381067987441     
 -0.421609494413361     
  0.654489319921007     
   1.09407178446335     
  0.270071470639140     
 -0.587583791464193     
 -3.355178470559488E-002
 -0.406460268020407     
  0.119376974480761     
  0.121011155339675     
 -0.363894395376664     
  0.410977669886857     
  8.040043492700892E-002
  -1.06750600580405     
  0.208318003103215     
  0.766739972944438     
  0.439636679036332     
 -0.322450462989014     
 -0.698046502822052     
  0.698149654340025     
 -0.550955362137905     
  0.285193627433670     
   1.07409158837205     
  7.223042456617484E-002
 
 -2.953200010360219E-002
  4.648159531110932E-002
 -0.360910285636356     
  0.458444613789486     
   1.11344582075112     
 -1.185092843480198E-002
  0.203054663149656     
  0.452045960534515     
 -0.323144251512006     
  0.472327656397103     
 -6.611331760428954E-002
   2.08512022220676     
  0.448024648178804     
  0.306949480459845     
  -1.07753914655568     
  0.258002669789847     
  0.200316257819297     
  0.881721221452777     
 -0.762069826672456     
 -4.638428408807576E-002
 
  1.892649833376525E-002
  0.358072932528569     
 -0.699710445794490     
 -0.246634627158246     
  0.641216258701726     
 -0.386584534813463     
 -0.269253834979836     
   1.20088266654578     
  0.281843389865188     
 -0.300874132056080     
  0.310621659373217     
  -1.13577297172538     
  0.440612983654124     
 -0.489319980535815     
 -0.114670265925596     
 -0.151140861753667     
  0.112378887726586     
 -0.326217903985355     
 -0.579446622686136     
 -0.570233808827775     
 -0.423899878174360     
   1.47517997279015     
  -2.42013854615683     
 -0.538159549013084     
 -0.239040956348137     
  0.213358451231661     
   1.57264654418021     
  0.917127414416944     
   1.65624637659838     
 -0.644719496941892     
   4.06732588393646     
  -1.75924835602502     
  -1.08549849990061     
 -0.438161173505969     
 -0.256947092015727     
  0.433676360376898     
 -0.567379082967783     
   2.54398847528931     
  0.454077937659995     
   1.09046574352076     
  -2.61813489728023     
   1.82222911159324     
   1.98928844957547     
   1.17516804391843     
  0.674939888464846     
 -0.429134165169275     
 -0.829389500704471     
  -1.60763841563313     
 -0.947553740942439     
   2.79492672630554     
  -1.10938883855471     
  0.470797578406592     
 -0.805261284661804     
   2.11598023654083     
  0.383150751304222     
 -0.229927035129315     
  0.120531251666389     
   1.94949582682166     
  -1.28416803816135     
  -1.17791066024287     
  0.700883740621378     
  -1.35296669584608     
 -0.766367396669648     
  0.244303419468473     
  0.870780959229880     
  0.570755415003645     
   1.87682858472551     
  -1.94805643130070     
 -5.058192492501352E-002
  0.753569653734317     
 -6.921755852866728E-002
 -0.349171651015102     
 -0.468796271087568     
  -1.18297661925539     
 -0.108493593293725     
  0.674232766036737     
  0.143848800521601     
  -3.08349213859848     
  9.136566173303896E-002
 -0.667451907201064     
  0.172541188954207     
  0.596766083632989     
  0.450246922941425     
  0.285393477241997     
   1.26830832741306     
 -0.986118970484635     
 -0.128552180626241     
  0.465070823960368     
  0.287329788191630     
   1.02495172002186     
   1.07735250898574     
 -0.282086020935631     
 -0.158085659822765     
  0.751324459680265     
 -0.152695089521450     
 -0.291088236754166     
  0.360102769660900     
 -0.647882850495178     
 -0.463297148961827     
 -0.622252186910892     
 -0.862217117800315     
 -0.815894126094724     
   1.06348847856097     
   2.60656377370077     
 -0.784163521907910     
 -0.525283804162533     
   1.85122882999630     
  -2.29033244973233     
 -0.338243967061734     
 -0.480678155307539     
  0.604631778666562     
  0.858204379199761     
  -1.36169198675734     
 -8.760492494384103E-002
 -0.541018293768667     
  0.671883165289729     
  0.457163040536921     
 -0.815111771674400     
 -0.908228913823830     
  -2.46114868776788     
 -0.676906105658200     
   1.11291725379821     
  0.793820625369969     
   1.28435573933538     
  0.789167309032788     
  5.820111733092423E-004
  -1.45012088127465     
  0.157102493457043     
  -1.13388664553704     
  0.894662264008723     
  0.669485963023157     
  0.847884405646064     
  0.263975260090789     
   1.51855603441110     
  5.520298618137979E-003
  0.371121440008222     
 -0.437747369704667     
  0.622694458304769     
  -1.62948417444354     
  -1.81214703361434     
  0.621789572334988     
 -0.171674250523798     
  0.890148498405626     
  0.518088160360154     
   1.04329744583763     
  0.530252956487341     
  -2.47044658512291     
 -0.160102892408180     
  4.221603933974877E-002
  4.987935029110756E-002
  0.446331517367362     
  0.764653191317369     
  0.738965212037865     
 -0.888868845065414     
  0.180141309025096     
  0.402434952126422     
  0.362071123723395     
  0.414987182871253     
  0.143219927221015     
   1.96589516384960     
 -4.456037297908476E-002
  0.229197118776553     
   1.63760216476931     
 -0.500151789795396     
  0.315945709171943     
  0.320175384010981     
  0.176202153420254     
  0.256897618267343     
   1.57170007298189     
 -0.313501408865462     
  0.785226803930231     
 -0.881756741270481     
 -0.937564641648173     
   1.44828345073952     
  0.370982031566565     
  -2.80769991318988     
 -0.371958069599662     
  0.490621832594251     
 -0.279185035431300     
   1.18426542926784     
   1.68663133336768     
  0.502555293506036     
  -2.61211476122585     
 -0.539373810679632     
   2.47661352772048     
 -0.199042830434269     
  -1.26507028907824     
   2.46271604446253     
   1.29492340764487     
  -1.03620826973754     
  -1.49726914232406     
 -0.369788218150208     
  0.218963592827044     
 -5.066706196304319E-002
   2.22263380089952     
  4.165467204494629E-003
   1.81284076880071     
  -1.84991712656547     
  0.100304650945887     
  0.882198993584224     
  0.131374164627030     
  7.661794932365057E-002
 -0.713914138072620     
 -4.736508529166233E-002
  0.792745743076839     
  0.537716985795443     
 -0.542313895377581     
  0.313123032414770     
   1.98651492274946     
  -3.16955270015761     
   2.61849015563843     
  0.656903442154208     
   3.18336559270509     
 -0.535245628058920     
 -0.191333559660802     
  0.178737047918376     
  0.484487847194868     
  0.248509553350101     
 -7.690548549788843E-002
 -0.781601776169013     
 -0.378390501942730     
  0.669431510796855     
  0.915580483949260     
  0.188715317379879     
  -1.33873695282140     
 -0.123277036662666     
  0.174163249752393     
 -0.400500911221188     
  -1.80258271995761     
  -3.11501407592747     
  -1.14792781790130     
  0.984440410266461     
   2.22082298843286     
 -0.152056883121785     
  0.364766090588550     
  -1.23962214489485     
  0.444563323534107     
  0.755094473488428     
 -6.004571721525640E-003
 -0.860649787512792     
  0.860828487107793     
 -0.236242492616254     
 -0.479456784995147     
  0.483051420601343     
   2.07968322897836     
  0.957389554523479     
  0.792372775893937     
  0.767883685891415     
  4.802519089610262E-002
 -0.402743165352572     
 -0.374799442993617     
  0.557054352304302     
  7.162151014989650E-002
  0.724501211631389     
  0.276435526518579     
 -0.637138076079333     
 -0.238373728863872     
  -1.61641432386559     
 -0.586790766611576     
 -0.286447413319144     
  0.241643252760415     
 -0.996257496465759     
   1.50377739635452     
  0.727775672214041     
 -9.028601804391939E-002
  0.695227093433936     
   1.75793064808889     
  -2.22502429285682     
   1.48951693583267     
 -0.948711779268264     
 -0.578768014412318     
  0.411053946783848     
   1.49386450673857     
  -1.73655425870893     
 -0.380855447810110     
  0.456277648442083     
   1.47870906188206     
  -1.47801701078787     
   1.10139304157179     
   1.48113951793019     
  0.466889144946027     
  -1.78903617270089     
  0.883669833537340     
 -0.132459739574576     
  0.713333759519568     
 -0.479013190491909     
  7.075269297469787E-002
  0.363176610513521     
  0.729145140817425     
 -0.533215271165783     
  -2.28535216466187     
 -0.307434936481711     
 -0.337513611867829     
 -0.521349238750590     
  0.892512071605195     
 -0.339979338509973     
 -0.400736665864806     
   2.76216013058531     
  0.158291681537582     
 -8.568125276094357E-002
  4.447844569152135E-002
 -1.957778707146818E-002
  0.149946370502575     
  -1.65490264128226     
  -1.79114965038651     
 -0.456280571632773     
   1.28880762086960     
 -0.414403689781790     
  0.260272607822550     
  -1.22579198659359     
  -1.36890614550374     
  0.508783052927799     
   1.43736266750734     
   1.10069941880481     
  0.506360898785496     
 -0.251019495410635     
  0.109307719107190     
 -0.236001563404056     
  0.268387494698114     
  0.159205568324829     
 -0.951835243287260     
   2.27352862364217     
 -0.869560393578144     
   1.91181074168305     
  0.195722306768052     
  0.348410712959982     
  -1.10288221301514     
  0.750142981022677     
  0.204082020261836     
  0.285402833122738     
 -0.508315276479170     
  0.629977196597586     
  0.696660935557666     
  -1.96950822549946     
  0.601743055594505     
  0.120239512467397     
  0.603438221501184     
   1.54386000643652     
  0.909944679076404     
 -0.111230522810552     
 -0.411446521806180     
  -1.02632004415066     
  5.777622405574359E-002
  8.415905379305332E-004
  -1.45832039729068     
 -0.361107078466260     
 -0.743804771406990     
  0.267853747643994     
 -0.136627892379631     
  0.245915779515831     
  0.656734625627786     
  0.699067796698095     
  0.663722454416974     
  0.791327323216944     
  -1.09059055389163     
  0.126582135602767     
 -5.976085789616385E-002
  -1.30475655004861     
   2.16251177695043     
  -1.23425799001451     
 -0.928683361153358     
  0.587503833572678     
 -0.355518630857039     
 -0.411852810714316     
   1.70513144275397     
  0.898452327288271     
 -5.191384340628913E-002
 -0.358663045787812     
  0.583773395843712     
  0.487424837170028     
   2.37818140607581     
  0.242414970200930     
  0.277793552622065     
  0.452511581369496     
  4.879356379582375E-002
  0.241814461457644     
  0.415373007923312     
 -0.881998889597873     
  0.155473614719281     
   1.68202695118668     
   1.47792421420299     
   2.37589352920526     
   1.26587339570169     
   1.14669449461847     
   1.08091369725801     
   1.94952534479864     
 -0.179797432526910     
  0.655210249996792     
 -0.169429332384998     
   2.19222835449478     
   1.52020059970579     
  0.400384627009690     
   1.15460678471105     
   1.19105123855672     
 -0.590839401020632     
  0.756851323235264     
 -0.516998587892821     
 -0.729815265712212     
 -0.600535950534187     
  0.535619261367716     
 
 -0.431875461789355     
 -0.253342188310323     
 -0.972417997775638     
 -0.306653309383457     
 -0.492233212433547     
   1.42682288560477     
  0.554714190725449     
  0.977724303015137     
 -2.827023296707441E-002
  0.928702224097928     
  0.736086089291198     
  0.685253461454571     
 -0.708191099895157     
  0.298632480404629     
 -0.235422434864516     
   1.19595135288594     
  0.532275226235133     
  0.658287679260513     
  0.778869307096862     
 -0.226631787265990     
 
   6.16443280067399     
  0.405856699131277     
  0.235230330058824     
 -0.133921808256594     
  0.521336389312876     
  -2.70048503140822     
 -0.425330197480502     
  0.344977203578751     
  0.139618929785321     
  -2.60168775540786     
   1.62563214968015     
   2.01538694256600     
  0.660101852110669     
 -0.940001981492874     
 -0.232036443069817     
  -2.70790406754581     
 -0.132584696089129     
 -4.182237580153791E-002
  0.294174900446941     
 -0.164950715954690     
 
  -156.927668576545     
 
  0.000000000000000E+000
 
  tansig  tansig 
