 0.215474973328381202E+04
-0.381741406170773234E+04
 0.328107136458361239E+02
 0.118814039094832005E+02
-0.354464057376351516E+01
-0.562600667830966850E+00
 0.248990270606501696E-01
 0.920241293397567439E+00
 0.196406933271408707E+00
 0.705404439501019775E-01
-0.217520920051722161E+00
 0.453597573572007973E-01
 0.120239528648336241E-02
-0.520025493192331698E-01
-0.725563960576972589E-01
 0.699233147257066062E-01
-0.317116677184350673E-01
-0.558197475900309038E-03
 0.654448220320682783E-01
-0.138409226817978338E-01
-0.255903812081803017E-01
 0.194691635300000936E-01
-0.228627937063611125E+04
-0.535311994533758043E+05
-0.121529926996657540E+02
 0.278049336599632042E+02
 0.356134747258662321E+01
 0.815932964064484123E-01
 0.766447679506262802E+00
 0.178747732385745955E+00
 0.100100258224480279E+00
 0.106932847353560623E+00
-0.603492550231354355E-01
-0.440155885980421727E-01
-0.231617994332206055E-01
-0.242790855468087569E-01
-0.385407504357249756E-01
 0.297064857879927070E-01
-0.282805968922652355E-01
 0.944794962490193464E-02
 0.319987847647390383E-01
-0.185272234914290804E-01
-0.197982818626377057E-03
-0.634251022892474894E-02
-0.233642943676627765E+06
-0.834620632477053732E+05
-0.589337230496838842E+02
 0.491292410004879354E+01
-0.301753843329662752E+01
-0.234696281987802430E+00
 0.502182921713334229E+00
 0.989929911202772211E-01
-0.666519231153718389E-01
-0.402438811863087345E-01
 0.369788033263598881E-01
-0.310311620020038313E-02
 0.773293539050062644E-02
 0.651145923008812459E-02
 0.440675525705903730E-02
-0.803840672633645073E-02
-0.424905797464715030E-03
-0.292470726093243660E-02
-0.640168198812009551E-02
 0.143304991204406336E-02
-0.402673777050480315E-03
 0.718465370488597537E-03
