-0.217385732297494906E+05
-0.105109728240050521E+06
 0.414305626183048725E+00
-0.396777561599730925E-03
-0.166635532402792808E+01
 0.361771937476119598E+01
-0.100164532449848109E+01
 0.408330476213296156E+00
-0.145431179962977969E+00
 0.149341671826428185E+00
 0.130731657168074056E+00
-0.159688439817947669E+00
-0.135913992532939093E+00
-0.326767109836077242E-02
-0.554716223570548908E-01
 0.499652347990818813E-01
-0.618436409845545751E-01
 0.419187280794579217E-01
 0.453212702915656712E-01
-0.113164513055676284E-01
-0.211172724434174654E-01
 0.152607135437654974E-02
 0.122454028703055665E+06
-0.930341680235343554E-01
 0.544119118628347298E+01
-0.390668772754575988E+01
-0.756213057776431530E+01
 0.171610338738279578E+01
 0.176160248408219799E+01
-0.357230749458368968E+00
 0.328608008473205981E+00
 0.789978904945751320E-01
-0.157177792738498523E+00
 0.417617103536660622E-01
-0.394333839329453900E-01
-0.175606058611603409E-01
 0.392215979248099270E-01
-0.229757008765057863E-01
-0.238387073959910782E-02
-0.142970159907362202E-01
-0.805039368034963197E-02
 0.464247299495115263E-02
-0.198672801153959621E-02
-0.173574421400800039E-01
-0.164819948609166400E+06
 0.225534740121212119E+06
-0.427122218367234918E+01
 0.689804373020316586E+01
-0.484475616948894405E+01
-0.130427397409598433E+01
-0.132139049912077755E+00
 0.277855902146268430E+00
 0.102615423191854918E+00
 0.359298875997825090E-01
-0.634643034024172902E-02
-0.240660125853721305E-01
-0.165932414605523167E-01
-0.368584384055520037E-02
 0.113765046180370009E-01
-0.409341102952025943E-02
 0.349028896242509819E-02
-0.292341249080351568E-02
-0.168790023812989817E-02
-0.555659849147621888E-04
-0.149586258964780686E-02
 0.173454546161124499E-02
