     10 -    10 -    10 -     1 
rmse=  27.4671meV
 -0.451009007577474     
  0.844731883250648     
  0.857337781461407     
  -1.44577613029957     
   1.05943943352067     
 -0.244039937543259     
  0.315024066488452     
 -0.226644632056825     
  9.251089246813622E-002
 -4.592460763233774E-003
 -0.232206679950718     
  0.190868017073280     
 -0.463267328403599     
 -0.203207164577220     
  0.606615041745897     
 -0.124345787516987     
 -0.101354912829098     
  0.423588000453021     
 -0.477802746519840     
  0.168775515807897     
  -1.23015127049999     
   1.27721359996839     
 -0.449783452392089     
 -0.241960984340878     
  0.180746851986468     
  0.421216027701154     
 -0.654260629092387     
  0.656502446948518     
 -0.508733551544563     
  0.254387533281820     
  0.539977504613096     
 -0.800568592301690     
  -1.05370285504492     
   1.66630383323929     
  -1.39228291900118     
 -0.819040507559067     
   1.52301858278105     
  -1.88858985923240     
   1.71224196225338     
 -0.859631223227151     
  -1.30918365796176     
   1.95522460168984     
  -1.62494317159150     
 -0.315989941230464     
  0.629836851689723     
 -0.306729793497439     
  0.509557592286320     
 -0.603084339088827     
  0.666213822778015     
 -0.616958537496252     
 -0.778267606030432     
   1.22166448061336     
  0.526126082574407     
  -1.44018516426693     
  0.981115578168779     
  0.248958324265506     
  0.104516814355103     
 -0.707232095195534     
   1.07189925836424     
 -0.803347364256720     
 -0.222671378287199     
  0.821193102019651     
  8.117666280942844E-002
 -0.896918820740870     
  0.663093337513414     
  0.734036152222586     
  -1.01715213137926     
  0.948674277827262     
 -0.728079644412185     
  0.400597448698321     
 -0.990978007514260     
   1.16633668782558     
  0.432880770890734     
  -1.09202336959113     
  0.831461778838654     
  -1.43739115102208     
   1.93643459324680     
  -1.67018633269687     
   1.11527409324425     
 -0.506448909928118     
  0.464076932852159     
 -0.348469486983404     
 -0.703908913253284     
  0.746775598929456     
 -0.650594816334176     
  0.255150852957731     
 -0.197737827622992     
 -1.611841454196462E-002
  0.144901644208140     
 -5.578469170767206E-002
   1.40443233528261     
  -1.15920441970439     
  -1.33868443583053     
   1.62142611931092     
  -1.15813402712078     
 -0.345205494762797     
  3.470104699879806E-002
  0.646286740173095     
  -1.29398345103168     
   1.34947669996131     
 
 -4.831064218990495E-002
 -0.381119364182005     
  0.291529440440004     
 -7.256271322760710E-002
  0.485315714305458     
  3.214264299546052E-002
  0.649385435949857     
 -0.444014382342261     
  0.567157789346044     
 -0.403254802231965     
 
   1.18973588988577     
 -0.726011607073302     
 -0.463734264837525     
  -1.84970084645511     
  -1.11774804823357     
   1.36457982124965     
  0.925427147033870     
  0.907069549101166     
  0.100346994554572     
  0.272060142374135     
 -0.353550605552440     
  7.242110400664588E-002
 -0.886559329141389     
  3.719686054407351E-002
   1.32240846417221     
 -0.874944110629544     
  -1.89924411822398     
  0.608975030561283     
 -0.463586242197832     
 -0.390761491593162     
   2.33617706890207     
 -0.128129005411570     
 -0.152962801573438     
 -0.483033087058110     
 -0.123519798927130     
  0.648188831411951     
  0.340139571848616     
  -1.28370679428497     
   1.12511524428551     
 -0.168230277076554     
  -2.67062673264245     
  0.478657691359067     
  -1.06856153101253     
   1.86935429776258     
   1.36293224206086     
 -0.124072173715205     
  -1.92411497012766     
  -1.80643960750276     
  -1.46658028863615     
  0.686343158446024     
   1.64110395453253     
 -0.178882002168155     
  -1.73185370103163     
   1.75552705972369     
   1.72079627441780     
 -0.163386134691197     
  -1.18340081356868     
   1.25289009930817     
  0.482232706559725     
  -1.80467836536138     
  7.450994243357487E-003
 -0.182229659636483     
 -0.707145361271153     
  0.163849992825781     
   1.71614560983392     
 -0.596790397624461     
  -1.07861060003407     
  1.303575531551066E-002
  -1.22406755704107     
 -0.571813632523304     
 -0.424236158081175     
 -0.183113099687520     
  -1.02512036132882     
  0.349615196413288     
  0.522266506217931     
 -5.652912174390663E-002
  0.120632505221567     
   1.53583929339227     
   2.04342522381034     
  -1.34140875662148     
  0.262054502824364     
  0.220982658196782     
   1.10908432552874     
  0.336515869160584     
  0.688992573723438     
  0.417605282861172     
  0.648344974253419     
 -0.237660457285073     
   1.19155474466533     
   1.15711477105325     
  -1.41188817191046     
 -0.124944712722752     
  -1.67728238512715     
  0.324428234077208     
  -1.26291064607798     
  0.858072760145497     
   1.95952513360120     
   1.42414478664807     
 -0.955575849518783     
 -0.553920974302990     
  0.701985296350383     
  4.409477175630248E-002
  1.297172629005198E-002
  0.610698625674662     
   1.49656575736992     
  0.109108321091410     
 -0.446763658107368     
  0.570032573828978     
   1.45081014022843     
 -8.908232426242181E-002
 
   1.97826863899781     
  5.289456537178060E-002
  0.243037663818653     
   1.11534799421565     
 -0.965350729385895     
  -2.04329740550512     
 -6.845817402081342E-002
 -0.285942839053580     
   2.08713659647162     
 -0.314346061376047     
 
  -14.7467551201584     
   1.65670203801474     
  -4.25243553843709     
  -1.15033162264529     
   1.86372426753011     
  -5.99323615230316     
   5.70647616299412     
   5.61569903487421     
   19.3489431865743     
  -19.1968430070589     
 
  -3.26577108245877     
 
  tansig  tansig 
